#
#Feature symbol names
#
$0 r4.2

#
#Feature attribute names
#
@0 .imp_line

#
#Layer features
#
L 2.77581201 1.33903504 2.79590502 1.33903504 0 P 14 ;0
L 2.79590502 1.33903504 2.80336998 1.34650098 0 P 14 ;0
L 2.80336998 1.34650098 2.95603602 1.34650098 0 P 14 ;0
L 2.95603602 1.34650098 3.02114301 1.28139498 0 P 14 ;0
L 3.02114301 1.28139498 3.29658297 1.28139498 0 P 14 ;0
L 3.29658297 1.28139498 3.59724596 0.980731 0 P 14 ;0
L 3.59724596 0.980731 4.36478002 0.980731 0 P 14 ;0
L 4.36478002 0.980731 4.38765 0.95786102 0 P 14 ;0
L 4.38765 0.95786102 4.83338297 0.95786102 0 P 14 ;0
L 4.83338297 0.95786102 4.98141604 0.80983002 0 P 14 ;0
L 4.98141604 0.80983002 4.98141604 0.76509498 0 P 14 ;0
L 4.98141604 0.76509498 5.09069301 0.65581801 0 P 14 ;0
L 5.09069301 0.65581801 5.58583602 0.65581801 0 P 14 ;0
L 5.58583602 0.65581801 5.60244498 0.63921004 0 P 14 ;0
L 2.77633002 1.36671496 2.79642205 1.36671496 0 P 14 ;0
L 2.79642205 1.36671496 2.80513701 1.35800098 0 P 14 ;0
L 2.80513701 1.35800098 2.9608 1.35800098 0 P 14 ;0
L 2.9608 1.35800098 3.02590699 1.29289498 0 P 14 ;0
L 3.02590699 1.29289498 3.30134596 1.29289498 0 P 14 ;0
L 3.30134596 1.29289498 3.60201004 0.992231 0 P 14 ;0
L 3.60201004 0.992231 4.36954301 0.992231 0 P 14 ;0
L 4.36954301 0.992231 4.39241299 0.96936102 0 P 14 ;0
L 4.39241299 0.96936102 4.83814705 0.96936102 0 P 14 ;0
L 4.83814705 0.96936102 4.99291604 0.81459203 0 P 14 ;0
L 4.99291604 0.81459203 4.99291604 0.76985797 0 P 14 ;0
L 4.99291604 0.76985797 5.095456 0.66731801 0 P 14 ;0
L 5.095456 0.66731801 5.53404203 0.66731801 0 P 14 ;0
L 5.53404203 0.66731801 5.53758602 0.67086102 0 P 14 ;0
L 5.53758602 0.67086102 5.53758602 0.67730699 0 P 14 ;0
L 5.53758602 0.67730699 5.54240797 0.68213002 0 P 14 ;0
L 5.54240797 0.68213002 5.55608701 0.68213002 0 P 14 ;0
L 5.55608701 0.68213002 5.56088199 0.67733504 0 P 14 ;0
L 5.56088199 0.67733504 5.56088199 0.67127303 0 P 14 ;0
L 5.56088199 0.67127303 5.56483701 0.66731801 0 P 14 ;0
L 5.56483701 0.66731801 5.610231 0.66731801 0 P 14 ;0
L 4.51351004 0.39713002 4.52101703 0.38962205 0 P 14 ;0
L 4.52101703 0.38962205 4.52101703 0.28319803 0 P 14 ;0
L 4.52101703 0.28319803 4.65541604 0.1488 0 P 14 ;0
L 4.65541604 0.1488 5.73648504 0.1488 0 P 14 ;0
L 5.73648504 0.1488 5.77100295 0.18331801 0 P 14 ;0
L 5.77100295 0.18331801 5.77100295 0.20761703 0 P 14 ;0
L 5.77100295 0.20761703 5.78346496 0.22007795 0 P 14 ;0
L 4.54116102 0.39576801 4.53251703 0.387125 0 P 14 ;0
L 4.53251703 0.387125 4.53251703 0.28796201 0 P 14 ;0
L 4.53251703 0.28796201 4.66018002 0.1603 0 P 14 ;0
L 4.66018002 0.1603 5.73172096 0.1603 0 P 14 ;0
L 5.73172096 0.1603 5.73795 0.16653002 0 P 14 ;0
L 5.73795 0.16653002 5.73795 0.17005797 0 P 14 ;0
L 5.73795 0.17005797 5.72445797 0.18355 0 P 14 ;0
L 5.72445797 0.18355 5.72445797 0.18688504 0 P 14 ;0
L 5.72445797 0.18688504 5.73508002 0.19750699 0 P 14 ;0
L 5.73508002 0.19750699 5.73989803 0.19750699 0 P 14 ;0
L 5.73989803 0.19750699 5.75296998 0.18443504 0 P 14 ;0
L 5.75296998 0.18443504 5.755856 0.18443504 0 P 14 ;0
L 5.755856 0.18443504 5.75950295 0.18808199 0 P 14 ;0
L 5.75950295 0.18808199 5.75950295 0.20821201 0 P 14 ;0
L 5.75950295 0.20821201 5.74763701 0.22007795 0 P 14 ;0
L 4.73117795 6.53023297 4.73911102 6.53816604 0 P 14 ;0
L 4.73911102 6.53816604 4.73911102 6.56138002 0 P 14 ;0
L 4.73911102 6.56138002 4.72018199 6.58030797 0 P 14 ;0
L 4.72018199 6.58030797 4.66829803 6.58030797 0 P 14 ;0
L 4.66829803 6.58030797 4.57318504 6.67542205 0 P 14 ;0
L 4.57318504 6.67542205 4.53530295 6.67542205 0 P 14 ;0
L 4.53530295 6.67542205 4.53262795 6.67274705 0 P 14 ;0
L 4.53262795 6.67274705 4.53262795 6.66260295 0 P 14 ;0
L 4.53262795 6.66260295 4.52965502 6.65963002 0 P 14 ;0
L 4.52965502 6.65963002 4.51442598 6.65963002 0 P 14 ;0
L 4.51442598 6.65963002 4.51184301 6.66221299 0 P 14 ;0
L 4.51184301 6.66221299 4.51184301 6.67226201 0 P 14 ;0
L 4.51184301 6.67226201 4.50868199 6.67542205 0 P 14 ;0
L 4.50868199 6.67542205 4.23749104 6.67542205 0 P 14 ;0
L 4.23749104 6.67542205 4.14944705 6.58737697 0 P 14 ;0
L 4.14944705 6.58737697 3.43527096 6.58737697 0 P 14 ;0
L 3.43527096 6.58737697 3.37631496 6.52842205 0 P 14 ;0
L 3.37631496 6.52842205 3.37631496 6.40283996 0 P 14 ;0
L 3.37631496 6.40283996 1.96903996 4.99556496 0 P 14 ;0
L 1.96903996 4.99556496 1.46792697 4.99556496 0 P 14 ;0
L 1.46792697 4.99556496 1.39451604 4.92215295 0 P 14 ;0
L 1.39451604 4.92215295 0.95758799 4.92215295 0 P 14 ;0
L 0.95758799 4.92215295 0.92092795 4.88549498 0 P 14 ;0
L 0.92092795 4.88549498 0.70908504 4.88549498 0 P 14 ;0
L 0.70908504 4.88549498 0.48876299 4.66517096 0 P 14 ;0
L 0.48876299 4.66517096 0.48876299 3.9165 0 P 14 ;0
L 0.48876299 3.9165 0.448375 3.87611102 0 P 14 ;0
L 0.448375 3.87611102 0.448375 3.45931604 0 P 14 ;0
L 0.448375 3.45931604 0.357 3.36793996 0 P 14 ;0
L 0.357 3.36793996 0.357 2.60086496 0 P 14 ;0
L 0.357 2.60086496 0.41096998 2.54689498 0 P 14 ;0
L 0.41096998 2.54689498 0.41096998 2.45567303 0 P 14 ;0
L 0.41096998 2.45567303 0.38344203 2.42814705 0 P 14 ;0
L 0.38344203 2.42814705 0.35051004 2.42814705 0 P 14 ;0
L 0.35051004 2.42814705 0.34636496 2.42400197 0 P 14 ;0
L 0.34636496 2.42400197 0.34636496 2.40732205 0 P 14 ;0
L 4.75950797 6.53088504 4.75061102 6.53978199 0 P 14 ;0
L 4.75061102 6.53978199 4.75061102 6.56614203 0 P 14 ;0
L 4.75061102 6.56614203 4.72494596 6.59180797 0 P 14 ;0
L 4.72494596 6.59180797 4.67306201 6.59180797 0 P 14 ;0
L 4.67306201 6.59180797 4.57794705 6.68692205 0 P 14 ;0
L 4.57794705 6.68692205 4.23272795 6.68692205 0 P 14 ;0
L 4.23272795 6.68692205 4.14468297 6.59887697 0 P 14 ;0
L 4.14468297 6.59887697 3.43050699 6.59887697 0 P 14 ;0
L 3.43050699 6.59887697 3.36481496 6.53318504 0 P 14 ;0
L 3.36481496 6.53318504 3.36481496 6.40760295 0 P 14 ;0
L 3.36481496 6.40760295 1.96427598 5.00706496 0 P 14 ;0
L 1.96427598 5.00706496 1.46316496 5.00706496 0 P 14 ;0
L 1.46316496 5.00706496 1.38975295 4.93365295 0 P 14 ;0
L 1.38975295 4.93365295 0.952825 4.93365295 0 P 14 ;0
L 0.952825 4.93365295 0.91616496 4.89699498 0 P 14 ;0
L 0.91616496 4.89699498 0.70432205 4.89699498 0 P 14 ;0
L 0.70432205 4.89699498 0.47726299 4.66993504 0 P 14 ;0
L 0.47726299 4.66993504 0.47726299 3.92126201 0 P 14 ;0
L 0.47726299 3.92126201 0.436875 3.880875 0 P 14 ;0
L 0.436875 3.880875 0.436875 3.46408002 0 P 14 ;0
L 0.436875 3.46408002 0.3455 3.37270295 0 P 14 ;0
L 0.3455 3.37270295 0.3455 2.59610098 0 P 14 ;0
L 0.3455 2.59610098 0.39946998 2.542131 0 P 14 ;0
L 0.39946998 2.542131 0.39946998 2.46043701 0 P 14 ;0
L 0.39946998 2.46043701 0.37868002 2.43964705 0 P 14 ;0
L 0.37868002 2.43964705 0.35209498 2.43964705 0 P 14 ;0
L 0.35209498 2.43964705 0.34636496 2.44537598 0 P 14 ;0
L 0.34636496 2.44537598 0.34636496 2.46047096 0 P 14 ;0
