#
#Feature symbol names
#
$0 r2.4

#
#Layer features
#
L 0.06619114 0.09544419 0.09821791 0.07372008 0 P 0 
L 0.09821791 0.07372008 0.09813937 0.05062451 0 P 0 
L 0.09813937 0.05062451 0.05512323 -0.01279193 0 P 0 
L 0.05512323 -0.01279193 0.0336935 -0.02140472 0 P 0 
L 0.0336935 -0.02140472 0.00166673 0.00031949 0 P 0 
L 0.01234232 -0.00692195 0.07686673 0.08820285 0 P 0 
L 0.11114961 0.01865079 0.15385207 -0.01031486 0 P 0 
L 0.08964154 -0.01305748 0.1323439 -0.04202313 0 P 0 
L 0.14535413 -0.07399685 0.14527569 -0.09709242 0 P 0 
L 0.14527569 -0.09709242 0.16662677 -0.1115751 0 P 0 
L 0.16662677 -0.1115751 0.1880565 -0.1029624 0 P 0 
L 0.1880565 -0.1029624 0.23107274 -0.03954596 0 P 0 
L 0.23107274 -0.03954596 0.23115118 -0.01645039 0 P 0 
L 0.23115118 -0.01645039 0.2098001 -0.00196762 0 P 0 
L 0.2098001 -0.00196762 0.18837037 -0.01058041 0 P 0 
L 0.18837037 -0.01058041 0.14535413 -0.07399685 0 P 0 
L 0.14535413 -0.07399685 0.23107274 -0.03954596 0 P 0 
L 0.23313268 -0.1451126 0.23313268 -0.1451126 0 P 0 
L 0.37476014 -0.1138622 0.33205778 -0.08489665 0 P 0 
L 0.33205778 -0.08489665 0.31054961 -0.11660492 0 P 0 
L 0.31054961 -0.11660492 0.34257638 -0.13832904 0 P 0 
L 0.34257638 -0.13832904 0.34249793 -0.1614247 0 P 0 
L 0.34249793 -0.1614247 0.32098976 -0.19313287 0 P 0 
L 0.32098976 -0.19313287 0.29956004 -0.20174557 0 P 0 
L 0.29956004 -0.20174557 0.27820896 -0.1872628 0 P 0 
L 0.27820896 -0.1872628 0.2782874 -0.16416722 0 P 0 
L 0.36602677 -0.24683081 0.36618376 -0.20063976 0 P 0 
L 0.36618376 -0.20063976 0.38769193 -0.1689315 0 P 0 
L 0.38769193 -0.1689315 0.43055118 -0.151706 0 P 0 
L 0.46499104 -0.17506703 0.50769341 -0.20403268 0 P 0 
L 0.50769341 -0.20403268 0.48618533 -0.23574094 0 P 0 
L 0.48618533 -0.23574094 0.46475551 -0.24435364 0 P 0 
L 0.46475551 -0.24435364 0.45408002 -0.2371123 0 P 0 
L 0.46475551 -0.24435364 0.46467717 -0.26744921 0 P 0 
L 0.46467717 -0.26744921 0.45392313 -0.28330325 0 P 0 
L 0.45392313 -0.28330325 0.43249341 -0.29191604 0 P 0 
L 0.43249341 -0.29191604 0.41114222 -0.27743327 0 P 0 
L 0.41114222 -0.27743327 0.41122077 -0.2543377 0 P 0 
L 0.50994961 -0.25186053 0.50963563 -0.34424262 0 P 0 
L 0.46693327 -0.31527707 0.55265197 -0.28082618 0 P 0 
L 0.54407559 -0.36760374 0.58693484 -0.35037815 0 P 0 
L 0.58693484 -0.35037815 0.60844291 -0.31866998 0 P 0 
L 0.60844291 -0.31866998 0.6086 -0.27247894 0 P 0 
L 0.59986663 -0.40544754 0.66439104 -0.31032274 0 P 0 
L 0.66439104 -0.31032274 0.642569 -0.43441309 0 P 0 
L 0.642569 -0.43441309 0.70709341 -0.33928829 0 P 0 
L 0.66633327 -0.45053268 0.73085768 -0.35540797 0 P 0 
L 0.73085768 -0.35540797 0.76288445 -0.37713209 0 P 0 
L 0.76288445 -0.37713209 0.76280591 -0.40022766 0 P 0 
L 0.76280591 -0.40022766 0.75205187 -0.41608179 0 P 0 
L 0.75205187 -0.41608179 0.73062215 -0.42469459 0 P 0 
L 0.73062215 -0.42469459 0.69859547 -0.40297037 0 P 0 
L 0.79732431 -0.40049311 0.84002667 -0.42945876 0 P 0 
L 0.81867549 -0.41497598 0.75415108 -0.51010069 0 P 0 
L 0.86379094 -0.44557835 0.79926654 -0.54070315 0 P 0 
L 0.90649331 -0.474544 0.8419689 -0.5696687 0 P 0 
L 0.83152874 -0.49314085 0.8742311 -0.5221064 0 P 0 
