#
#Feature symbol names
#
$0 r24

#
#Layer features
#
L -0.97570935 0.10679242 -0.89994774 0.10679242 0 P 0 
L -0.97570935 -0.00685 -0.89994774 -0.00685 0 P 0 
L -0.97570935 -0.12049242 -0.89994774 -0.12049242 0 P 0 
L -1.01359016 0.06891161 -1.01359016 0.03103081 0 P 0 
L -0.86206693 0.06891161 -0.86206693 0.03103081 0 P 0 
L -1.01359016 -0.04473081 -1.01359016 -0.08261161 0 P 0 
L -0.86206693 -0.04473081 -0.86206693 -0.08261161 0 P 0 
L -0.75634724 0.10850492 -0.68058563 0.10850492 0 P 0 
L -0.75634724 -0.0051375 -0.68058563 -0.0051375 0 P 0 
L -0.75634724 -0.11877992 -0.68058563 -0.11877992 0 P 0 
L -0.79422805 0.07062411 -0.79422805 0.03274331 0 P 0 
L -0.64270482 0.07062411 -0.64270482 0.03274331 0 P 0 
L -0.79422805 -0.04301831 -0.79422805 -0.08089911 0 P 0 
L -0.64270482 -0.04301831 -0.64270482 -0.08089911 0 P 0 
L -0.53698514 0.11021742 -0.46122352 0.11021742 0 P 0 
L -0.53698514 -0.003425 -0.46122352 -0.003425 0 P 0 
L -0.53698514 -0.11706742 -0.46122352 -0.11706742 0 P 0 
L -0.57486594 0.07233661 -0.57486594 0.03445581 0 P 0 
L -0.42334272 0.07233661 -0.42334272 0.03445581 0 P 0 
L -0.57486594 -0.04130581 -0.57486594 -0.07918661 0 P 0 
L -0.42334272 -0.04130581 -0.42334272 -0.07918661 0 P 0 
L -0.31762303 0.11192992 -0.24186142 0.11192992 0 P 0 
L -0.31762303 -0.0017125 -0.24186142 -0.0017125 0 P 0 
L -0.31762303 -0.11535492 -0.24186142 -0.11535492 0 P 0 
L -0.35550384 0.07404911 -0.35550384 0.03616831 0 P 0 
L -0.20398061 0.07404911 -0.20398061 0.03616831 0 P 0 
L -0.35550384 -0.03959331 -0.35550384 -0.07747411 0 P 0 
L -0.20398061 -0.03959331 -0.20398061 -0.07747411 0 P 0 
L -0.03788081 0.11364242 0.03788081 0.11364242 0 P 0 
L -0.03788081 0 0.03788081 0 0 P 0 
L -0.03788081 -0.11364242 0.03788081 -0.11364242 0 P 0 
L -0.07576161 0.07576161 -0.07576161 0.03788081 0 P 0 
L 0.07576161 0.07576161 0.07576161 0.03788081 0 P 0 
L -0.07576161 -0.03788081 -0.07576161 -0.07576161 0 P 0 
L 0.07576161 -0.03788081 0.07576161 -0.07576161 0 P 0 
L 0.23467963 0.11535492 0.31044124 0.11535492 0 P 0 
L 0.23467963 0.0017125 0.31044124 0.0017125 0 P 0 
L 0.23467963 -0.11192992 0.31044124 -0.11192992 0 P 0 
L 0.19679882 0.07747411 0.19679882 0.03959331 0 P 0 
L 0.34832205 0.07747411 0.34832205 0.03959331 0 P 0 
L 0.19679882 -0.03616831 0.19679882 -0.07404911 0 P 0 
L 0.34832205 -0.03616831 0.34832205 -0.07404911 0 P 0 
L 0.45404173 0.11706742 0.52980335 0.11706742 0 P 0 
L 0.45404173 0.003425 0.52980335 0.003425 0 P 0 
L 0.45404173 -0.11021742 0.52980335 -0.11021742 0 P 0 
L 0.41616093 0.07918661 0.41616093 0.04130581 0 P 0 
L 0.56768415 0.07918661 0.56768415 0.04130581 0 P 0 
L 0.41616093 -0.03445581 0.41616093 -0.07233661 0 P 0 
L 0.56768415 -0.03445581 0.56768415 -0.07233661 0 P 0 
L 0.67340384 0.11877992 0.74916545 0.11877992 0 P 0 
L 0.67340384 0.0051375 0.74916545 0.0051375 0 P 0 
L 0.67340384 -0.10850492 0.74916545 -0.10850492 0 P 0 
L 0.63552303 0.08089911 0.63552303 0.04301831 0 P 0 
L 0.78704626 0.08089911 0.78704626 0.04301831 0 P 0 
L 0.63552303 -0.03274331 0.63552303 -0.07062411 0 P 0 
L 0.78704626 -0.03274331 0.78704626 -0.07062411 0 P 0 
S N 0
OB -1.064869980315 -0.162988877953 I
OS -1.064869980315 0.160600984252
OS 0.83132519685 0.160600984252
OS 0.83132519685 -0.162988877953
OS -1.064869980315 -0.162988877953
OE
SE
L -0.97570935 0.10679242 -0.89994774 0.10679242 0 P 0 
L -0.97570935 -0.00685 -0.89994774 -0.00685 0 P 0 
L -0.97570935 -0.12049242 -0.89994774 -0.12049242 0 P 0 
L -1.01359016 0.06891161 -1.01359016 0.03103081 0 P 0 
L -0.86206693 0.06891161 -0.86206693 0.03103081 0 P 0 
L -1.01359016 -0.04473081 -1.01359016 -0.08261161 0 P 0 
L -0.86206693 -0.04473081 -0.86206693 -0.08261161 0 P 0 
L -0.75634724 0.10850492 -0.68058563 0.10850492 0 P 0 
L -0.75634724 -0.0051375 -0.68058563 -0.0051375 0 P 0 
L -0.75634724 -0.11877992 -0.68058563 -0.11877992 0 P 0 
L -0.79422805 0.07062411 -0.79422805 0.03274331 0 P 0 
L -0.64270482 0.07062411 -0.64270482 0.03274331 0 P 0 
L -0.79422805 -0.04301831 -0.79422805 -0.08089911 0 P 0 
L -0.64270482 -0.04301831 -0.64270482 -0.08089911 0 P 0 
L -0.53698514 0.11021742 -0.46122352 0.11021742 0 P 0 
L -0.53698514 -0.003425 -0.46122352 -0.003425 0 P 0 
L -0.53698514 -0.11706742 -0.46122352 -0.11706742 0 P 0 
L -0.57486594 0.07233661 -0.57486594 0.03445581 0 P 0 
L -0.42334272 0.07233661 -0.42334272 0.03445581 0 P 0 
L -0.57486594 -0.04130581 -0.57486594 -0.07918661 0 P 0 
L -0.42334272 -0.04130581 -0.42334272 -0.07918661 0 P 0 
L -0.31762303 0.11192992 -0.24186142 0.11192992 0 P 0 
L -0.31762303 -0.0017125 -0.24186142 -0.0017125 0 P 0 
L -0.31762303 -0.11535492 -0.24186142 -0.11535492 0 P 0 
L -0.35550384 0.07404911 -0.35550384 0.03616831 0 P 0 
L -0.20398061 0.07404911 -0.20398061 0.03616831 0 P 0 
L -0.35550384 -0.03959331 -0.35550384 -0.07747411 0 P 0 
L -0.20398061 -0.03959331 -0.20398061 -0.07747411 0 P 0 
L -0.03788081 0.11364242 0.03788081 0.11364242 0 P 0 
L -0.03788081 0 0.03788081 0 0 P 0 
L -0.03788081 -0.11364242 0.03788081 -0.11364242 0 P 0 
L -0.07576161 0.07576161 -0.07576161 0.03788081 0 P 0 
L 0.07576161 0.07576161 0.07576161 0.03788081 0 P 0 
L -0.07576161 -0.03788081 -0.07576161 -0.07576161 0 P 0 
L 0.07576161 -0.03788081 0.07576161 -0.07576161 0 P 0 
L 0.23467963 0.11535492 0.31044124 0.11535492 0 P 0 
L 0.23467963 0.0017125 0.31044124 0.0017125 0 P 0 
L 0.23467963 -0.11192992 0.31044124 -0.11192992 0 P 0 
L 0.19679882 0.07747411 0.19679882 0.03959331 0 P 0 
L 0.34832205 0.07747411 0.34832205 0.03959331 0 P 0 
L 0.19679882 -0.03616831 0.19679882 -0.07404911 0 P 0 
L 0.34832205 -0.03616831 0.34832205 -0.07404911 0 P 0 
L 0.45404173 0.11706742 0.52980335 0.11706742 0 P 0 
L 0.45404173 0.003425 0.52980335 0.003425 0 P 0 
L 0.45404173 -0.11021742 0.52980335 -0.11021742 0 P 0 
L 0.41616093 0.07918661 0.41616093 0.04130581 0 P 0 
L 0.56768415 0.07918661 0.56768415 0.04130581 0 P 0 
L 0.41616093 -0.03445581 0.41616093 -0.07233661 0 P 0 
L 0.56768415 -0.03445581 0.56768415 -0.07233661 0 P 0 
L 0.67340384 0.11877992 0.74916545 0.11877992 0 P 0 
L 0.67340384 0.0051375 0.74916545 0.0051375 0 P 0 
L 0.67340384 -0.10850492 0.74916545 -0.10850492 0 P 0 
L 0.63552303 0.08089911 0.63552303 0.04301831 0 P 0 
L 0.78704626 0.08089911 0.78704626 0.04301831 0 P 0 
L 0.63552303 -0.03274331 0.63552303 -0.07062411 0 P 0 
L 0.78704626 -0.03274331 0.78704626 -0.07062411 0 P 0 
