#
#Feature symbol names
#
$0 r19.685
$1 r39.37
$2 ronghe_copper_style_left

#
#Layer features
#
P 0 0 2 P 0 1
S N 0
OB -0.472893799213 0.16810492126 I
OS 0.474289173228 0.168083562992
OC 0.542076771654 0.101622637795 0.472465551181 0.09842273622 Y
OS 0.54203769685 -0.102320570866
OC 0.472250295276 -0.16811023622 0.472461318898 -0.098425295276 Y
OS -0.473183661417 -0.168103444882
OC -0.542076771654 -0.10055738189 -0.472425688976 -0.098423818898 Y
OS -0.542058464567 0.10104734252
OC -0.473183661417 0.168103444882 -0.47242480315 0.098424606299 Y
OC -0.472893799213 0.16810492126 -0.472911417323 0.14310492126 Y
OE
SE
L 0.05170295 -0.06889744 -0.46010807 -0.06889744 1 P 0 
L 0.13044331 -0.06889744 -0.38136772 -0.06889744 1 P 0 
L 0.20918366 -0.06889744 -0.30262736 -0.06889744 1 P 0 
L 0.47253937 -0.06889744 0.24855512 -0.06889744 1 P 0 
L -0.34199882 -0.06889744 -0.47253937 -0.06889744 1 P 0 
L 0.47253937 -0.06889744 0.16981476 -0.06889744 1 P 0 
L -0.10577776 -0.06889744 -0.47253937 -0.06889744 1 P 0 
L 0.28792402 -0.06889744 -0.22388701 -0.06889744 1 P 0 
L 0.47253937 -0.06889744 0.40603583 -0.06889744 1 P 0 
L -0.18451811 -0.06889744 -0.47253937 -0.06889744 1 P 0 
L 0.36666437 -0.06889744 -0.14514665 -0.06889744 1 P 0 
L -0.26325846 -0.06889744 -0.47253937 -0.06889744 1 P 0 
L 0.44540472 -0.06889744 -0.0664063 -0.06889744 1 P 0 
L 0.47253937 -0.06889744 0.09107441 -0.06889744 1 P 0 
L 0.47253937 -0.06889744 0.32729547 -0.06889744 1 P 0 
L -0.42073917 -0.06889744 -0.47253937 -0.06889744 1 P 0 
L -0.0270374 -0.06889744 -0.47253937 -0.06889744 1 P 0 
L 0.47253937 -0.06889744 0.01233406 -0.06889744 1 P 0 
L 0.47253937 0.00984291 0.40603583 0.00984291 1 P 0 
L 0.47253937 0.00984291 0.32729547 0.00984291 1 P 0 
L -0.42073917 0.00984291 -0.47253937 0.00984291 1 P 0 
L -0.34199882 0.00984291 -0.47253937 0.00984291 1 P 0 
L -0.18451811 0.00984291 -0.47253937 0.00984291 1 P 0 
L -0.26325846 0.00984291 -0.47253937 0.00984291 1 P 0 
L 0.05170295 0.00984291 -0.46010807 0.00984291 1 P 0 
L -0.10577776 0.00984291 -0.47253937 0.00984291 1 P 0 
L 0.28792402 0.00984291 -0.22388701 0.00984291 1 P 0 
L 0.47253937 0.00984291 0.09107441 0.00984291 1 P 0 
L 0.36666437 0.00984291 -0.14514665 0.00984291 1 P 0 
L 0.47253937 0.00984291 0.16981476 0.00984291 1 P 0 
L -0.0270374 0.00984291 -0.47253937 0.00984291 1 P 0 
L 0.47253937 0.00984291 0.01233406 0.00984291 1 P 0 
L 0.47253937 0.00984291 0.24855512 0.00984291 1 P 0 
L 0.44540472 0.00984291 -0.0664063 0.00984291 1 P 0 
L 0.13044331 0.00984291 -0.38136772 0.00984291 1 P 0 
L 0.20918366 0.00984291 -0.30262736 0.00984291 1 P 0 
L 0.47253937 0.08858327 0.01233406 0.08858327 1 P 0 
L 0.47253937 0.08858327 0.32729547 0.08858327 1 P 0 
L -0.10577776 0.08858327 -0.47253937 0.08858327 1 P 0 
L 0.44540472 0.08858327 -0.0664063 0.08858327 1 P 0 
L 0.47253937 0.08858327 0.24855512 0.08858327 1 P 0 
L 0.47253937 0.08858327 0.09107441 0.08858327 1 P 0 
L 0.28792402 0.08858327 -0.22388701 0.08858327 1 P 0 
L -0.42073917 0.08858327 -0.47253937 0.08858327 1 P 0 
L -0.34199882 0.08858327 -0.47253937 0.08858327 1 P 0 
L 0.36666437 0.08858327 -0.14514665 0.08858327 1 P 0 
L 0.20918366 0.08858327 -0.30262736 0.08858327 1 P 0 
L 0.47253937 0.08858327 0.16981476 0.08858327 1 P 0 
L -0.0270374 0.08858327 -0.47253937 0.08858327 1 P 0 
L -0.18451811 0.08858327 -0.47253937 0.08858327 1 P 0 
L 0.47253937 0.08858327 0.40603583 0.08858327 1 P 0 
L -0.26325846 0.08858327 -0.47253937 0.08858327 1 P 0 
L 0.13044331 0.08858327 -0.38136772 0.08858327 1 P 0 
L 0.05170295 0.08858327 -0.46010807 0.08858327 1 P 0 
L 0.42572028 0.09852362 0.42572028 -0.09852362 1 P 0 
L 0.42572028 0.09852362 0.42572028 -0.00984154 1 P 0 
L 0.42572028 0.09852362 0.42572028 -0.09852362 1 P 0 
L 0.42572028 0.09852362 0.42572028 -0.08858189 1 P 0 
L 0.42572028 0.09852362 0.42572028 0.06889882 1 P 0 
L 0.42572028 0.09852362 0.42572028 -0.09852362 1 P 0 
L 0.42572028 0.02952736 0.42572028 -0.09852362 1 P 0 
L 0.42572028 0.09852362 0.42572028 -0.09852362 1 P 0 
L 0.42572028 -0.04921299 0.42572028 -0.09852362 1 P 0 
L 0.34697992 0.09852362 0.34697992 -0.09852362 1 P 0 
L 0.34697992 0.02952736 0.34697992 -0.09852362 1 P 0 
L 0.34697992 0.09852362 0.34697992 -0.08858189 1 P 0 
L 0.34697992 0.09852362 0.34697992 -0.09852362 1 P 0 
L 0.34697992 -0.04921299 0.34697992 -0.09852362 1 P 0 
L 0.34697992 0.09852362 0.34697992 -0.09852362 1 P 0 
L 0.34697992 0.09852362 0.34697992 -0.00984154 1 P 0 
L 0.34697992 0.09852362 0.34697992 0.06889882 1 P 0 
L 0.34697992 0.09852362 0.34697992 -0.09852362 1 P 0 
L 0.26823957 0.09852362 0.26823957 0.06889882 1 P 0 
L 0.26823957 0.09852362 0.26823957 -0.09852362 1 P 0 
L 0.26823957 0.09852362 0.26823957 -0.00984154 1 P 0 
L 0.26823957 0.02952736 0.26823957 -0.09852362 1 P 0 
L 0.26823957 0.09852362 0.26823957 -0.08858189 1 P 0 
L 0.26823957 0.09852362 0.26823957 -0.09852362 1 P 0 
L 0.26823957 -0.04921299 0.26823957 -0.09852362 1 P 0 
L 0.26823957 0.09852362 0.26823957 -0.09852362 1 P 0 
L 0.26823957 0.09852362 0.26823957 -0.09852362 1 P 0 
L 0.18949921 0.09852362 0.18949921 0.06889882 1 P 0 
L 0.18949921 0.09852362 0.18949921 -0.09852362 1 P 0 
L 0.18949921 0.09852362 0.18949921 -0.09852362 1 P 0 
L 0.18949921 0.09852362 0.18949921 -0.09852362 1 P 0 
L 0.18949921 0.09852362 0.18949921 -0.09852362 1 P 0 
L 0.18949921 0.09852362 0.18949921 -0.00984154 1 P 0 
L 0.18949921 -0.04921299 0.18949921 -0.09852362 1 P 0 
L 0.18949921 0.09852362 0.18949921 -0.08858189 1 P 0 
L 0.18949921 0.02952736 0.18949921 -0.09852362 1 P 0 
L 0.11075886 0.02952736 0.11075886 -0.09852362 1 P 0 
L 0.11075886 0.09852362 0.11075886 -0.00984154 1 P 0 
L 0.11075886 0.09852362 0.11075886 -0.09852362 1 P 0 
L 0.11075886 0.09852362 0.11075886 -0.09852362 1 P 0 
L 0.11075886 0.09852362 0.11075886 0.06889882 1 P 0 
L 0.11075886 -0.04921299 0.11075886 -0.09852362 1 P 0 
L 0.11075886 0.09852362 0.11075886 -0.08858189 1 P 0 
L 0.11075886 0.09852362 0.11075886 -0.09852362 1 P 0 
L 0.11075886 0.09852362 0.11075886 -0.09852362 1 P 0 
L 0.0320185 0.09852362 0.0320185 -0.09852362 1 P 0 
L 0.0320185 0.09852362 0.0320185 -0.09852362 1 P 0 
L 0.0320185 0.09852362 0.0320185 -0.09852362 1 P 0 
L 0.0320185 0.02952736 0.0320185 -0.09852362 1 P 0 
L 0.0320185 -0.04921299 0.0320185 -0.09852362 1 P 0 
L 0.0320185 0.09852362 0.0320185 -0.00984154 1 P 0 
L 0.0320185 0.09852362 0.0320185 -0.09852362 1 P 0 
L 0.0320185 0.09852362 0.0320185 -0.08858189 1 P 0 
L 0.0320185 0.09852362 0.0320185 0.06889882 1 P 0 
L -0.04672185 0.09852362 -0.04672185 -0.09852362 1 P 0 
L -0.04672185 -0.04921299 -0.04672185 -0.09852362 1 P 0 
L -0.04672185 0.02952736 -0.04672185 -0.09852362 1 P 0 
L -0.04672185 0.09852362 -0.04672185 -0.09852362 1 P 0 
L -0.04672185 0.09852362 -0.04672185 0.06889882 1 P 0 
L -0.04672185 0.09852362 -0.04672185 -0.09852362 1 P 0 
L -0.04672185 0.09852362 -0.04672185 -0.09852362 1 P 0 
L -0.04672185 0.09852362 -0.04672185 -0.08858189 1 P 0 
L -0.04672185 0.09852362 -0.04672185 -0.00984154 1 P 0 
L -0.1254622 0.09852362 -0.1254622 0.06889882 1 P 0 
L -0.1254622 -0.04921299 -0.1254622 -0.09852362 1 P 0 
L -0.1254622 0.02952736 -0.1254622 -0.09852362 1 P 0 
L -0.1254622 0.09852362 -0.1254622 -0.09852362 1 P 0 
L -0.1254622 0.09852362 -0.1254622 -0.09852362 1 P 0 
L -0.1254622 0.09852362 -0.1254622 -0.09852362 1 P 0 
L -0.1254622 0.09852362 -0.1254622 -0.09852362 1 P 0 
L -0.1254622 0.09852362 -0.1254622 -0.08858189 1 P 0 
L -0.1254622 0.09852362 -0.1254622 -0.00984154 1 P 0 
L -0.20420256 0.09852362 -0.20420256 0.06889882 1 P 0 
L -0.20420256 -0.04921299 -0.20420256 -0.09852362 1 P 0 
L -0.20420256 0.02952736 -0.20420256 -0.09852362 1 P 0 
L -0.20420256 0.09852362 -0.20420256 -0.09852362 1 P 0 
L -0.20420256 0.09852362 -0.20420256 -0.09852362 1 P 0 
L -0.20420256 0.09852362 -0.20420256 -0.09852362 1 P 0 
L -0.20420256 0.09852362 -0.20420256 -0.09852362 1 P 0 
L -0.20420256 0.09852362 -0.20420256 -0.08858189 1 P 0 
L -0.20420256 0.09852362 -0.20420256 -0.00984154 1 P 0 
L -0.28294291 0.09852362 -0.28294291 -0.09852362 1 P 0 
L -0.28294291 -0.04921299 -0.28294291 -0.09852362 1 P 0 
L -0.28294291 0.02952736 -0.28294291 -0.09852362 1 P 0 
L -0.28294291 0.09852362 -0.28294291 -0.09852362 1 P 0 
L -0.28294291 0.09852362 -0.28294291 0.06889882 1 P 0 
L -0.28294291 0.09852362 -0.28294291 -0.09852362 1 P 0 
L -0.28294291 0.09852362 -0.28294291 -0.09852362 1 P 0 
L -0.28294291 0.09852362 -0.28294291 -0.08858189 1 P 0 
L -0.28294291 0.09852362 -0.28294291 -0.00984154 1 P 0 
L -0.36168327 0.09852362 -0.36168327 0.06889882 1 P 0 
L -0.36168327 -0.04921299 -0.36168327 -0.09852362 1 P 0 
L -0.36168327 0.02952736 -0.36168327 -0.09852362 1 P 0 
L -0.36168327 0.09852362 -0.36168327 -0.09852362 1 P 0 
L -0.36168327 0.09852362 -0.36168327 -0.09852362 1 P 0 
L -0.36168327 0.09852362 -0.36168327 -0.09852362 1 P 0 
L -0.36168327 0.09852362 -0.36168327 -0.09852362 1 P 0 
L -0.36168327 0.09852362 -0.36168327 -0.08858189 1 P 0 
L -0.36168327 0.09852362 -0.36168327 -0.00984154 1 P 0 
L -0.44042362 0.09852362 -0.44042362 0.06889882 1 P 0 
L -0.44042362 -0.04921299 -0.44042362 -0.09852362 1 P 0 
L -0.44042362 0.02952736 -0.44042362 -0.09852362 1 P 0 
L -0.44042362 0.09852362 -0.44042362 -0.09852362 1 P 0 
L -0.44042362 0.09852362 -0.44042362 -0.09852362 1 P 0 
L -0.44042362 0.09852362 -0.44042362 -0.09852362 1 P 0 
L -0.44042362 0.09852362 -0.44042362 -0.09852362 1 P 0 
L -0.44042362 0.09852362 -0.44042362 -0.08858189 1 P 0 
L -0.44042362 0.09852362 -0.44042362 -0.00984154 1 P 0 
L -0.47244094 0.0984252 0.47244094 0.0984252 1 P 0 
L 0.47244094 0.0984252 0.47244094 -0.0984252 1 P 0 
L 0.47244094 -0.0984252 -0.47244094 -0.0984252 1 P 0 
L -0.47244094 -0.0984252 -0.47244094 0.0984252 1 P 0 
L 0.45110433 0.07455177 0.45110433 -0.05811398 0 P 0 
