#
#Feature symbol names
#
$0 r3.5

#
#Feature attribute names
#
@0 .imp_line

#
#Layer features
#
L 0.90797096 3.92371004 0.91736998 3.93310797 0 P 13 ;0
L 0.91736998 3.93310797 0.924106 3.93310797 0 P 13 ;0
L 0.924106 3.93310797 0.92813297 3.929081 0 P 13 ;0
L 0.92813297 3.929081 0.92813297 3.86859203 0 P 13 ;0
L 0.90797096 3.95520699 0.90859301 3.95520699 0 P 13 ;0
L 0.90859301 3.95520699 0.91799104 3.94580797 0 P 13 ;0
L 0.91799104 3.94580797 0.92936604 3.94580797 0 P 13 ;0
L 0.92936604 3.94580797 0.94083297 3.93434104 0 P 13 ;0
L 0.94083297 3.93434104 0.94083297 3.91999498 0 P 13 ;0
L 0.94083297 3.91999498 0.94332303 3.91750502 0 P 13 ;0
L 0.94332303 3.91750502 0.94605699 3.91750502 0 P 13 ;0
L 0.94605699 3.91750502 0.94998504 3.91357697 0 P 13 ;0
L 0.94998504 3.91357697 0.94998504 3.90074301 0 P 13 ;0
L 0.94998504 3.90074301 0.94633996 3.89709705 0 P 13 ;0
L 0.94633996 3.89709705 0.94428799 3.89709705 0 P 13 ;0
L 0.94428799 3.89709705 0.94083297 3.89364203 0 P 13 ;0
L 0.94083297 3.89364203 0.94083297 3.86859203 0 P 13 ;0
L 0.92813297 3.86859203 0.92813297 3.86333199 0 P 13 ;0
L 0.92813297 3.86333199 0.94646496 3.84500098 0 P 13 ;0
L 0.94646496 3.84500098 0.94646496 3.82516604 0 P 13 ;0
L 0.94646496 3.82516604 0.94139498 3.82009596 0 P 13 ;0
L 0.94139498 3.82009596 0.91930197 3.82009596 0 P 13 ;0
L 0.91930197 3.82009596 0.90951998 3.81031496 0 P 13 ;0
L 0.90951998 3.81031496 0.90951998 3.783981 0 P 13 ;0
L 0.90951998 3.783981 0.91930197 3.77419803 0 P 13 ;0
L 0.91930197 3.77419803 0.94089596 3.77419803 0 P 13 ;0
L 0.94083297 3.86859203 0.95916496 3.85026102 0 P 13 ;0
L 0.95916496 3.85026102 0.95916496 3.819906 0 P 13 ;0
L 0.95916496 3.819906 0.94665502 3.80739596 0 P 13 ;0
L 0.94665502 3.80739596 0.92456201 3.80739596 0 P 13 ;0
L 0.92456201 3.80739596 0.92221998 3.80505295 0 P 13 ;0
L 0.92221998 3.80505295 0.92221998 3.78924203 0 P 13 ;0
L 0.92221998 3.78924203 0.92456201 3.78689803 0 P 13 ;0
L 0.92456201 3.78689803 0.94615699 3.78689803 0 P 13 ;0
L 0.94089596 3.50547303 0.94646496 3.49990502 0 P 13 ;0
L 0.94089596 3.57799803 0.94646496 3.572431 0 P 13 ;0
L 0.94089596 3.64339803 0.921906 3.64339803 0 P 13 ;0
L 0.921906 3.64339803 0.91074498 3.65456004 0 P 13 ;0
L 0.91074498 3.65456004 0.91074498 3.67904803 0 P 13 ;0
L 0.91074498 3.67904803 0.922106 3.69041102 0 P 13 ;0
L 0.922106 3.69041102 0.94251004 3.69041102 0 P 13 ;0
L 0.94251004 3.69041102 0.94646496 3.69436604 0 P 13 ;0
L 0.94646496 3.69436604 0.94646496 3.703231 0 P 13 ;0
L 0.94089596 3.64339803 0.94646496 3.637831 0 P 13 ;0
L 0.94089596 3.70879803 0.94646496 3.703231 0 P 13 ;0
L 0.94089596 3.77419803 0.94646496 3.768631 0 P 13 ;0
L 0.94615699 3.51817303 0.95916496 3.50516496 0 P 13 ;0
L 0.94615699 3.59069803 0.95916496 3.57769104 0 P 13 ;0
L 0.94615699 3.65609803 0.95916496 3.64309104 0 P 13 ;0
L 0.94615699 3.65609803 0.92716604 3.65609803 0 P 13 ;0
L 0.92716604 3.65609803 0.92344498 3.65982096 0 P 13 ;0
L 0.92344498 3.65982096 0.92344498 3.67378799 0 P 13 ;0
L 0.92344498 3.67378799 0.92736703 3.67771102 0 P 13 ;0
L 0.92736703 3.67771102 0.94776998 3.67771102 0 P 13 ;0
L 0.94776998 3.67771102 0.95916496 3.689106 0 P 13 ;0
L 0.95916496 3.689106 0.95916496 3.70849104 0 P 13 ;0
L 0.94615699 3.72149803 0.95916496 3.70849104 0 P 13 ;0
L 0.94615699 3.78689803 0.95916496 3.77389104 0 P 13 ;0
L 0.94646496 3.49990502 0.94646496 3.47142795 0 P 13 ;0
L 0.94646496 3.47142795 0.956575 3.46131801 0 P 13 ;0
L 0.956575 3.46131801 0.96360797 3.46131801 0 P 13 ;0
L 0.96360797 3.46131801 0.97052096 3.45440502 0 P 13 ;0
L 0.97052096 3.45440502 0.97052096 3.44688602 0 P 13 ;0
L 0.94646496 3.572431 0.94646496 3.55643996 0 P 13 ;0
L 0.94646496 3.55643996 0.94089596 3.55087303 0 P 13 ;0
L 0.94089596 3.55087303 0.92256703 3.55087303 0 P 13 ;0
L 0.92256703 3.55087303 0.91145699 3.53976201 0 P 13 ;0
L 0.91145699 3.53976201 0.91145699 3.51646604 0 P 13 ;0
L 0.91145699 3.51646604 0.92245 3.50547303 0 P 13 ;0
L 0.92245 3.50547303 0.94089596 3.50547303 0 P 13 ;0
L 0.94646496 3.637831 0.94646496 3.62896604 0 P 13 ;0
L 0.94646496 3.62896604 0.94251004 3.62501102 0 P 13 ;0
L 0.94251004 3.62501102 0.92200797 3.62501102 0 P 13 ;0
L 0.92200797 3.62501102 0.91216998 3.61517205 0 P 13 ;0
L 0.91216998 3.61517205 0.91216998 3.58880502 0 P 13 ;0
L 0.91216998 3.58880502 0.922975 3.57799803 0 P 13 ;0
L 0.922975 3.57799803 0.94089596 3.57799803 0 P 13 ;0
L 0.94646496 3.768631 0.94646496 3.75976604 0 P 13 ;0
L 0.94646496 3.75976604 0.94089596 3.75419803 0 P 13 ;0
L 0.94089596 3.75419803 0.92307096 3.75419803 0 P 13 ;0
L 0.92307096 3.75419803 0.91077205 3.7419 0 P 13 ;0
L 0.91077205 3.7419 0.91077205 3.72020295 0 P 13 ;0
L 0.91077205 3.72020295 0.92217598 3.70879803 0 P 13 ;0
L 0.92217598 3.70879803 0.94089596 3.70879803 0 P 13 ;0
L 0.95916496 3.50516496 0.95916496 3.47684596 0 P 13 ;0
L 0.95916496 3.47684596 0.96199301 3.47401801 0 P 13 ;0
L 0.96199301 3.47401801 0.96886801 3.47401801 0 P 13 ;0
L 0.96886801 3.47401801 0.98322096 3.45966604 0 P 13 ;0
L 0.98322096 3.45966604 0.98322096 3.441625 0 P 13 ;0
L 0.95916496 3.57769104 0.95916496 3.55118002 0 P 13 ;0
L 0.95916496 3.55118002 0.94615699 3.53817303 0 P 13 ;0
L 0.94615699 3.53817303 0.92782697 3.53817303 0 P 13 ;0
L 0.92782697 3.53817303 0.92415699 3.53450197 0 P 13 ;0
L 0.92415699 3.53450197 0.92415699 3.52172598 0 P 13 ;0
L 0.92415699 3.52172598 0.92771004 3.51817303 0 P 13 ;0
L 0.92771004 3.51817303 0.94615699 3.51817303 0 P 13 ;0
L 0.95916496 3.64309104 0.95916496 3.623706 0 P 13 ;0
L 0.95916496 3.623706 0.94776998 3.61231102 0 P 13 ;0
L 0.94776998 3.61231102 0.92769705 3.61231102 0 P 13 ;0
L 0.92769705 3.61231102 0.92486998 3.60948199 0 P 13 ;0
L 0.92486998 3.60948199 0.92486998 3.59406496 0 P 13 ;0
L 0.92486998 3.59406496 0.92823504 3.59069803 0 P 13 ;0
L 0.92823504 3.59069803 0.94615699 3.59069803 0 P 13 ;0
L 0.95916496 3.77389104 0.95916496 3.754506 0 P 13 ;0
L 0.95916496 3.754506 0.94615699 3.74149803 0 P 13 ;0
L 0.94615699 3.74149803 0.928331 3.74149803 0 P 13 ;0
L 0.928331 3.74149803 0.92347205 3.73663996 0 P 13 ;0
L 0.92347205 3.73663996 0.92347205 3.72546299 0 P 13 ;0
L 0.92347205 3.72546299 0.92743701 3.72149803 0 P 13 ;0
L 0.92743701 3.72149803 0.94615699 3.72149803 0 P 13 ;0
L 0.97052096 3.44688602 0.96495295 3.44131801 0 P 13 ;0
L 0.98322096 3.441625 0.97021299 3.42861801 0 P 13 ;0
L 0.98392598 3.36268701 0.93408799 3.412525 0 P 13 ;0
L 0.93408799 3.412525 0.93408799 3.43153504 0 P 13 ;0
L 0.93408799 3.43153504 0.94387096 3.44131801 0 P 13 ;0
L 0.94387096 3.44131801 0.96495295 3.44131801 0 P 13 ;0
L 1.00188701 3.36268701 0.94678799 3.41778504 0 P 13 ;0
L 0.94678799 3.41778504 0.94678799 3.426275 0 P 13 ;0
L 0.94678799 3.426275 0.949131 3.42861801 0 P 13 ;0
L 0.949131 3.42861801 0.97021299 3.42861801 0 P 13 ;0
L 1.07627795 3.23768701 1.06348504 3.25048199 0 P 13 ;0
L 1.06348504 3.25048199 1.06348504 3.28313002 0 P 13 ;0
L 1.06348504 3.28313002 0.98392598 3.36268701 0 P 13 ;0
L 1.07627795 3.26327697 1.07627795 3.28829498 0 P 13 ;0
L 1.07627795 3.28829498 1.00188701 3.36268701 0 P 13 ;0
L 1.30359104 4.07105502 1.30359104 4.13309498 0 P 13 ;0
L 1.30359104 4.13309498 1.31639301 4.14589705 0 P 13 ;0
L 1.31639301 4.14589705 1.33480098 4.14589705 0 P 13 ;0
L 1.33480098 4.14589705 1.34293002 4.154025 0 P 13 ;0
L 1.34293002 4.154025 1.34301102 4.154025 0 P 13 ;0
L 1.30359104 4.07105502 1.31659803 4.05804803 0 P 13 ;0
L 1.31629104 4.07631604 1.32185797 4.07074803 0 P 13 ;0
L 1.31659803 4.05804803 1.32995502 4.05804803 0 P 13 ;0
L 1.32995502 4.05804803 1.33229803 4.05570502 0 P 13 ;0
L 1.33229803 4.05570502 1.33229803 4.04039104 0 P 13 ;0
L 1.33229803 4.04039104 1.32995502 4.03804803 0 P 13 ;0
L 1.32995502 4.03804803 1.30561004 4.03804803 0 P 13 ;0
L 1.30561004 4.03804803 1.29582795 4.02826604 0 P 13 ;0
L 1.29582795 4.02826604 1.29582795 4.002431 0 P 13 ;0
L 1.29582795 4.002431 1.30561004 3.99264803 0 P 13 ;0
L 1.30561004 3.99264803 1.32752096 3.99264803 0 P 13 ;0
L 1.32752096 3.99264803 1.32986496 3.99030502 0 P 13 ;0
L 1.32986496 3.99030502 1.32986496 3.97499104 0 P 13 ;0
L 1.32986496 3.97499104 1.32752096 3.97264803 0 P 13 ;0
L 1.32752096 3.97264803 1.30751998 3.97264803 0 P 13 ;0
L 1.30751998 3.97264803 1.29773799 3.96286604 0 P 13 ;0
L 1.29773799 3.96286604 1.29773799 3.937031 0 P 13 ;0
L 1.29773799 3.937031 1.30751998 3.92724803 0 P 13 ;0
L 1.30751998 3.92724803 1.32741604 3.92724803 0 P 13 ;0
L 1.32741604 3.92724803 1.32976004 3.92490502 0 P 13 ;0
L 1.32976004 3.92490502 1.32976004 3.90959104 0 P 13 ;0
L 1.32976004 3.90959104 1.32741604 3.90724803 0 P 13 ;0
L 1.32741604 3.90724803 1.30903799 3.90724803 0 P 13 ;0
L 1.30903799 3.90724803 1.29925502 3.89746604 0 P 13 ;0
L 1.29925502 3.89746604 1.29925502 3.86031998 0 P 13 ;0
L 1.29925502 3.86031998 1.30903799 3.85053602 0 P 13 ;0
L 1.30903799 3.85053602 1.35863602 3.85053602 0 P 13 ;0
L 1.35863602 3.85053602 1.36098002 3.84819301 0 P 13 ;0
L 1.36098002 3.84819301 1.36098002 3.83288002 0 P 13 ;0
L 1.36098002 3.83288002 1.35863602 3.83053602 0 P 13 ;0
L 1.35863602 3.83053602 1.30791299 3.83053602 0 P 13 ;0
L 1.30791299 3.83053602 1.298131 3.82075502 0 P 13 ;0
L 1.298131 3.82075502 1.298131 3.79491998 0 P 13 ;0
L 1.298131 3.79491998 1.30791299 3.78513602 0 P 13 ;0
L 1.30791299 3.78513602 1.35761201 3.78513602 0 P 13 ;0
L 1.35761201 3.78513602 1.35995502 3.78279301 0 P 13 ;0
L 1.35995502 3.78279301 1.35995502 3.76748002 0 P 13 ;0
L 1.35995502 3.76748002 1.35761201 3.76513602 0 P 13 ;0
L 1.35761201 3.76513602 1.30039203 3.76513602 0 P 13 ;0
L 1.30039203 3.76513602 1.29061004 3.75535502 0 P 13 ;0
L 1.29061004 3.75535502 1.29061004 3.69981604 0 P 13 ;0
L 1.29061004 3.69981604 1.30756004 3.68286604 0 P 13 ;0
L 1.30756004 3.68286604 1.33802598 3.68286604 0 P 13 ;0
L 1.32185797 4.07074803 1.33521604 4.07074803 0 P 13 ;0
L 1.33521604 4.07074803 1.34499803 4.06096604 0 P 13 ;0
L 1.34499803 4.06096604 1.34499803 4.035131 0 P 13 ;0
L 1.34499803 4.035131 1.33521604 4.02534803 0 P 13 ;0
L 1.33521604 4.02534803 1.31087096 4.02534803 0 P 13 ;0
L 1.31087096 4.02534803 1.30852795 4.02300502 0 P 13 ;0
L 1.30852795 4.02300502 1.30852795 4.00769104 0 P 13 ;0
L 1.30852795 4.00769104 1.31087096 4.00534803 0 P 13 ;0
L 1.31087096 4.00534803 1.33278199 4.00534803 0 P 13 ;0
L 1.33278199 4.00534803 1.34256496 3.99556604 0 P 13 ;0
L 1.34256496 3.99556604 1.34256496 3.969731 0 P 13 ;0
L 1.34256496 3.969731 1.33278199 3.95994803 0 P 13 ;0
L 1.33278199 3.95994803 1.312781 3.95994803 0 P 13 ;0
L 1.312781 3.95994803 1.31043799 3.95760502 0 P 13 ;0
L 1.31043799 3.95760502 1.31043799 3.94229104 0 P 13 ;0
L 1.31043799 3.94229104 1.312781 3.93994803 0 P 13 ;0
L 1.312781 3.93994803 1.33267697 3.93994803 0 P 13 ;0
L 1.33267697 3.93994803 1.34246004 3.93016604 0 P 13 ;0
L 1.34246004 3.93016604 1.34246004 3.904331 0 P 13 ;0
L 1.34246004 3.904331 1.33267697 3.89454803 0 P 13 ;0
L 1.33267697 3.89454803 1.31429803 3.89454803 0 P 13 ;0
L 1.31429803 3.89454803 1.31195502 3.89220502 0 P 13 ;0
L 1.31195502 3.89220502 1.31195502 3.86558002 0 P 13 ;0
L 1.31195502 3.86558002 1.31429803 3.86323602 0 P 13 ;0
L 1.31429803 3.86323602 1.36389705 3.86323602 0 P 13 ;0
L 1.36389705 3.86323602 1.37368002 3.85345502 0 P 13 ;0
L 1.37368002 3.85345502 1.37368002 3.82761998 0 P 13 ;0
L 1.37368002 3.82761998 1.36389705 3.81783602 0 P 13 ;0
L 1.36389705 3.81783602 1.31317402 3.81783602 0 P 13 ;0
L 1.31317402 3.81783602 1.310831 3.81549301 0 P 13 ;0
L 1.310831 3.81549301 1.310831 3.80018002 0 P 13 ;0
L 1.310831 3.80018002 1.31317402 3.79783602 0 P 13 ;0
L 1.31317402 3.79783602 1.36287205 3.79783602 0 P 13 ;0
L 1.36287205 3.79783602 1.37265502 3.78805502 0 P 13 ;0
L 1.37265502 3.78805502 1.37265502 3.76221998 0 P 13 ;0
L 1.37265502 3.76221998 1.36287205 3.75243602 0 P 13 ;0
L 1.36287205 3.75243602 1.30565197 3.75243602 0 P 13 ;0
L 1.30565197 3.75243602 1.30331004 3.75009301 0 P 13 ;0
L 1.30331004 3.75009301 1.30331004 3.70507598 0 P 13 ;0
L 1.30331004 3.70507598 1.31281998 3.69556604 0 P 13 ;0
L 1.31281998 3.69556604 1.33276496 3.69556604 0 P 13 ;0
L 1.33276496 3.69556604 1.3603 3.7231 0 P 13 ;0
L 1.33802598 3.68286604 1.36556004 3.7104 0 P 13 ;0
L 1.34301102 4.12449803 1.33431201 4.13319705 0 P 13 ;0
L 1.33431201 4.13319705 1.32165502 4.13319705 0 P 13 ;0
L 1.32165502 4.13319705 1.31629104 4.12783504 0 P 13 ;0
L 1.31629104 4.12783504 1.31629104 4.07631604 0 P 13 ;0
L 1.3603 3.7231 1.37869498 3.7231 0 P 13 ;0
L 1.37869498 3.7231 1.39240295 3.70939301 0 P 13 ;0
L 1.38746201 3.57206201 1.3937 3.5783 0 P 13 ;0
L 1.3937 3.5783 1.3937 3.60879705 0 P 13 ;0
L 1.3937 3.60879705 1.35216801 3.65033002 0 P 13 ;0
L 1.35216801 3.65033002 1.35216801 3.668725 0 P 13 ;0
L 1.35216801 3.668725 1.37970295 3.69625797 0 P 13 ;0
L 1.37970295 3.69625797 1.37970295 3.70413199 0 P 13 ;0
L 1.37970295 3.70413199 1.37343504 3.7104 0 P 13 ;0
L 1.37343504 3.7104 1.36556004 3.7104 0 P 13 ;0
L 1.41324301 3.57256496 1.40650797 3.5793 0 P 13 ;0
L 1.40650797 3.5793 1.40650797 3.61395 0 P 13 ;0
L 1.40650797 3.61395 1.36486801 3.65558996 0 P 13 ;0
L 1.36486801 3.65558996 1.36486801 3.66346299 0 P 13 ;0
L 1.36486801 3.66346299 1.39240295 3.69099803 0 P 13 ;0
L 1.39240295 3.69099803 1.39240295 3.70939301 0 P 13 ;0
L 1.44558996 3.36268701 1.44558996 3.36086998 0 P 13 ;0
L 1.44558996 3.36086998 1.44795 3.35851004 0 P 13 ;0
L 1.44795 3.35851004 1.44795 3.35437303 0 P 13 ;0
L 1.44795 3.35437303 1.44033602 3.34676004 0 P 13 ;0
L 1.44033602 3.34676004 1.43691801 3.34676004 0 P 13 ;0
L 1.43691801 3.34676004 1.433081 3.35059596 0 P 13 ;0
L 1.433081 3.35059596 1.42771604 3.35059596 0 P 13 ;0
L 1.42771604 3.35059596 1.42280502 3.34568504 0 P 13 ;0
L 1.42280502 3.34568504 1.42280502 3.34127795 0 P 13 ;0
L 1.42280502 3.34127795 1.42625502 3.33782795 0 P 13 ;0
L 1.42625502 3.33782795 1.42625502 3.33286299 0 P 13 ;0
L 1.42625502 3.33286299 1.42159104 3.3282 0 P 13 ;0
L 1.42159104 3.3282 1.41759104 3.3282 0 P 13 ;0
L 1.41759104 3.3282 1.41386299 3.33192598 0 P 13 ;0
L 1.41386299 3.33192598 1.40839705 3.33192598 0 P 13 ;0
L 1.40839705 3.33192598 1.403425 3.32695295 0 P 13 ;0
L 1.403425 3.32695295 1.403425 3.32148701 0 P 13 ;0
L 1.403425 3.32148701 1.40680197 3.31811004 0 P 13 ;0
L 1.40680197 3.31811004 1.40680197 3.31411004 0 P 13 ;0
L 1.40680197 3.31411004 1.40247303 3.30978002 0 P 13 ;0
L 1.40247303 3.30978002 1.39847303 3.30978002 0 P 13 ;0
L 1.39847303 3.30978002 1.39705295 3.3112 0 P 13 ;0
L 1.39705295 3.3112 1.38905295 3.3112 0 P 13 ;0
L 1.38905295 3.3112 1.38336496 3.30551201 0 P 13 ;0
L 1.38336496 3.30551201 1.38336496 3.26327697 0 P 13 ;0
L 1.474225 3.36268701 1.39616004 3.28462205 0 P 13 ;0
L 1.39616004 3.28462205 1.39616004 3.25048199 0 P 13 ;0
L 1.39616004 3.25048199 1.38336496 3.23768701 0 P 13 ;0
L 1.61573002 3.62322697 1.61573002 3.58303504 0 P 13 ;0
L 1.61573002 3.58303504 1.48806801 3.45537205 0 P 13 ;0
L 1.48806801 3.45537205 1.48806801 3.39449104 0 P 13 ;0
L 1.48806801 3.39449104 1.46497303 3.37139596 0 P 13 ;0
L 1.46497303 3.37139596 1.45116801 3.37139596 0 P 13 ;0
L 1.45116801 3.37139596 1.44558996 3.36581801 0 P 13 ;0
L 1.44558996 3.36581801 1.44558996 3.36268701 0 P 13 ;0
L 1.61573002 3.68862697 1.61573002 3.66924203 0 P 13 ;0
L 1.61573002 3.66924203 1.62873701 3.65623504 0 P 13 ;0
L 1.62873701 3.65623504 1.64563002 3.65623504 0 P 13 ;0
L 1.61573002 3.75402697 1.61573002 3.73464203 0 P 13 ;0
L 1.61573002 3.73464203 1.62873701 3.72163504 0 P 13 ;0
L 1.62873701 3.72163504 1.64563002 3.72163504 0 P 13 ;0
L 1.62843002 3.61796703 1.62843002 3.57777303 0 P 13 ;0
L 1.62843002 3.57777303 1.50076801 3.45011201 0 P 13 ;0
L 1.50076801 3.45011201 1.50076801 3.38923002 0 P 13 ;0
L 1.50076801 3.38923002 1.474225 3.36268701 0 P 13 ;0
L 1.62843002 3.68336703 1.62843002 3.67450197 0 P 13 ;0
L 1.62843002 3.67450197 1.63399705 3.66893504 0 P 13 ;0
L 1.63399705 3.66893504 1.65088996 3.66893504 0 P 13 ;0
L 1.62843002 3.74876703 1.62843002 3.73990197 0 P 13 ;0
L 1.62843002 3.73990197 1.63399705 3.73433504 0 P 13 ;0
L 1.63399705 3.73433504 1.65088996 3.73433504 0 P 13 ;0
L 1.62873701 3.63623504 1.61573002 3.62322697 0 P 13 ;0
L 1.62873701 3.70163504 1.61573002 3.68862697 0 P 13 ;0
L 1.62873701 3.76703504 1.647981 3.76703504 0 P 13 ;0
L 1.647981 3.76703504 1.65124596 3.7703 0 P 13 ;0
L 1.65124596 3.7703 1.65124596 3.78343002 0 P 13 ;0
L 1.65124596 3.78343002 1.64764203 3.78703504 0 P 13 ;0
L 1.64764203 3.78703504 1.62873701 3.78703504 0 P 13 ;0
L 1.62873701 3.78703504 1.61573002 3.80004203 0 P 13 ;0
L 1.61573002 3.80004203 1.61573002 3.82389104 0 P 13 ;0
L 1.61573002 3.82389104 1.63118996 3.83935098 0 P 13 ;0
L 1.63118996 3.83935098 1.73115502 3.83935098 0 P 13 ;0
L 1.73115502 3.83935098 1.74401703 3.85221496 0 P 13 ;0
L 1.74401703 3.85221496 1.74401703 3.86859203 0 P 13 ;0
L 1.62873701 3.76703504 1.61573002 3.75402697 0 P 13 ;0
L 1.63399705 3.62353504 1.62843002 3.61796703 0 P 13 ;0
L 1.63399705 3.68893504 1.62843002 3.68336703 0 P 13 ;0
L 1.63399705 3.75433504 1.62843002 3.74876703 0 P 13 ;0
L 1.63399705 3.75433504 1.65324104 3.75433504 0 P 13 ;0
L 1.65324104 3.75433504 1.66394596 3.76503996 0 P 13 ;0
L 1.66394596 3.76503996 1.66394596 3.78868996 0 P 13 ;0
L 1.66394596 3.78868996 1.65290197 3.79973504 0 P 13 ;0
L 1.65290197 3.79973504 1.63399705 3.79973504 0 P 13 ;0
L 1.63399705 3.79973504 1.62843002 3.80530197 0 P 13 ;0
L 1.62843002 3.80530197 1.62843002 3.81863002 0 P 13 ;0
L 1.62843002 3.81863002 1.63645 3.82665098 0 P 13 ;0
L 1.63645 3.82665098 1.73641496 3.82665098 0 P 13 ;0
L 1.73641496 3.82665098 1.75671703 3.84695295 0 P 13 ;0
L 1.75671703 3.84695295 1.75671703 3.86859203 0 P 13 ;0
L 1.64563002 3.65623504 1.65119596 3.65066703 0 P 13 ;0
L 1.64563002 3.72163504 1.65119596 3.71606703 0 P 13 ;0
L 1.65088996 3.66893504 1.66389596 3.65592697 0 P 13 ;0
L 1.65088996 3.73433504 1.66389596 3.72132697 0 P 13 ;0
L 1.65119596 3.65066703 1.65119596 3.64180197 0 P 13 ;0
L 1.65119596 3.64180197 1.64563002 3.63623504 0 P 13 ;0
L 1.64563002 3.63623504 1.62873701 3.63623504 0 P 13 ;0
L 1.65119596 3.71606703 1.65119596 3.70720197 0 P 13 ;0
L 1.65119596 3.70720197 1.64563002 3.70163504 0 P 13 ;0
L 1.64563002 3.70163504 1.62873701 3.70163504 0 P 13 ;0
L 1.66389596 3.65592697 1.66389596 3.63654203 0 P 13 ;0
L 1.66389596 3.63654203 1.65088996 3.62353504 0 P 13 ;0
L 1.65088996 3.62353504 1.63399705 3.62353504 0 P 13 ;0
L 1.66389596 3.72132697 1.66389596 3.70194203 0 P 13 ;0
L 1.66389596 3.70194203 1.65088996 3.68893504 0 P 13 ;0
L 1.65088996 3.68893504 1.63399705 3.68893504 0 P 13 ;0
L 1.74401703 3.86859203 1.74401703 3.928506 0 P 13 ;0
L 1.74401703 3.928506 1.73821004 3.93431496 0 P 13 ;0
L 1.73821004 3.93431496 1.72955295 3.93431496 0 P 13 ;0
L 1.72955295 3.93431496 1.71899498 3.923756 0 P 13 ;0
L 1.71899498 3.923756 1.71899498 3.92371004 0 P 13 ;0
L 1.75671703 3.86859203 1.75671703 3.93376604 0 P 13 ;0
L 1.75671703 3.93376604 1.74346998 3.94701496 0 P 13 ;0
L 1.74346998 3.94701496 1.72718799 3.94701496 0 P 13 ;0
L 1.72718799 3.94701496 1.71899498 3.95520699 0 P 13 ;0
