#
#Feature symbol names
#
$0 r7.874

#
#Layer features
#
L 0.30511811 0.0984252 0.30511811 0.19685039 0 P 0 
L 0.30511811 0.19685039 0.50354331 0.19685039 0 P 0 
L 0.50354331 0.19685039 0.50354331 0.0984252 0 P 0 
L 0.50354331 0.0984252 0.30511811 0.0984252 0 P 0 
L 0.30511811 0.26496063 0.30511811 0.46338583 0 P 0 
L 0.30511811 0.46338583 0.50354331 0.46338583 0 P 0 
L 0.50354331 0.46338583 0.50354331 0.26496063 0 P 0 
L 0.50354331 0.26496063 0.30511811 0.26496063 0 P 0 
L 2.50984252 0.0984252 2.50984252 0.19685039 0 P 0 
L 2.50984252 0.19685039 2.70826772 0.19685039 0 P 0 
L 2.70826772 0.19685039 2.70826772 0.0984252 0 P 0 
L 2.70826772 0.0984252 2.50984252 0.0984252 0 P 0 
L 2.50984252 0.33464567 2.50984252 0.43307087 0 P 0 
L 2.50984252 0.43307087 2.70826772 0.43307087 0 P 0 
L 2.70826772 0.43307087 2.70826772 0.33464567 0 P 0 
L 2.70826772 0.33464567 2.50984252 0.33464567 0 P 0 
L 4.71456693 0.02874016 4.71456693 0.22716535 0 P 0 
L 4.71456693 0.22716535 4.91299213 0.22716535 0 P 0 
L 4.91299213 0.22716535 4.91299213 0.02874016 0 P 0 
L 4.91299213 0.02874016 4.71456693 0.02874016 0 P 0 
L 4.71456693 0.33464567 4.71456693 0.43307087 0 P 0 
L 4.71456693 0.43307087 4.91299213 0.43307087 0 P 0 
L 4.91299213 0.43307087 4.91299213 0.33464567 0 P 0 
L 4.91299213 0.33464567 4.71456693 0.33464567 0 P 0 
L 6.91929134 0.02874016 6.91929134 0.22716535 0 P 0 
L 6.91929134 0.22716535 7.11771654 0.22716535 0 P 0 
L 7.11771654 0.22716535 7.11771654 0.02874016 0 P 0 
L 7.11771654 0.02874016 6.91929134 0.02874016 0 P 0 
L 6.91929134 0.26496063 6.91929134 0.46338583 0 P 0 
L 6.91929134 0.46338583 7.11771654 0.46338583 0 P 0 
L 7.11771654 0.46338583 7.11771654 0.26496063 0 P 0 
L 7.11771654 0.26496063 6.91929134 0.26496063 0 P 0 
L 9.12401575 0.02874016 9.12401575 0.22716535 0 P 0 
L 9.12401575 0.22716535 9.32244094 0.22716535 0 P 0 
L 9.32244094 0.22716535 9.32244094 0.02874016 0 P 0 
L 9.32244094 0.02874016 9.12401575 0.02874016 0 P 0 
L 9.12401575 0.26496063 9.12401575 0.46338583 0 P 0 
L 9.12401575 0.46338583 9.32244094 0.46338583 0 P 0 
L 9.32244094 0.46338583 9.32244094 0.26496063 0 P 0 
L 9.32244094 0.26496063 9.12401575 0.26496063 0 P 0 
L 11.32874016 0.02874016 11.32874016 0.22716535 0 P 0 
L 11.32874016 0.22716535 11.52716535 0.22716535 0 P 0 
L 11.52716535 0.22716535 11.52716535 0.02874016 0 P 0 
L 11.52716535 0.02874016 11.32874016 0.02874016 0 P 0 
L 11.32874016 0.26496063 11.32874016 0.46338583 0 P 0 
L 11.32874016 0.46338583 11.52716535 0.46338583 0 P 0 
L 11.52716535 0.46338583 11.52716535 0.26496063 0 P 0 
L 11.52716535 0.26496063 11.32874016 0.26496063 0 P 0 
