#
#Feature symbol names
#
$0 s17.498
$1 s367.452

#
#Layer features
#
L 0.15747953 0.15747953 0.15747953 0.15747963 1 N 0 
L 0.00874882 0.30621033 0.00874882 0.00874882 0 P 0 
L 0.00874882 0.00874882 0.30621033 0.00874882 0 P 0 
P 0.30621033 0.04374429 0 P 0 0
P 0.30621033 0.07873976 0 P 0 0
P 0.30621033 0.11373524 0 P 0 0
P 0.30621033 0.14873071 0 P 0 0
P 0.30621033 0.18372618 0 P 0 0
P 0.30621033 0.21872165 0 P 0 0
P 0.30621033 0.25371713 0 P 0 0
P 0.30621033 0.2887126 0 P 0 0
P 0.2887126 0.30621033 0 P 0 0
P 0.25371713 0.30621033 0 P 0 0
P 0.21872165 0.30621033 0 P 0 0
P 0.18372618 0.30621033 0 P 0 0
P 0.14873071 0.30621033 0 P 0 0
P 0.11373524 0.30621033 0 P 0 0
P 0.07873976 0.30621033 0 P 0 0
P 0.04374429 0.30621033 0 P 0 0
P 0.02624656 0.02624656 0 P 0 0
P 0.14873071 0.02624656 0 P 0 0
P 0.16622844 0.02624656 0 P 0 0
P 0.18372618 0.02624656 0 P 0 0
P 0.20122392 0.02624656 0 P 0 0
P 0.21872165 0.02624656 0 P 0 0
P 0.23621939 0.02624656 0 P 0 0
P 0.25371713 0.02624656 0 P 0 0
P 0.02624656 0.04374429 0 P 0 0
P 0.06124203 0.04374429 0 P 0 0
P 0.0962375 0.04374429 0 P 0 0
P 0.11373524 0.04374429 0 P 0 0
P 0.16622844 0.04374429 0 P 0 0
P 0.18372618 0.04374429 0 P 0 0
P 0.20122392 0.04374429 0 P 0 0
P 0.21872165 0.04374429 0 P 0 0
P 0.23621939 0.04374429 0 P 0 0
P 0.27121486 0.04374429 0 P 0 0
P 0.2887126 0.04374429 0 P 0 0
P 0.07873976 0.06124203 0 P 0 0
P 0.13123297 0.06124203 0 P 0 0
P 0.21872165 0.06124203 0 P 0 0
P 0.23621939 0.06124203 0 P 0 0
P 0.27121486 0.06124203 0 P 0 0
P 0.2887126 0.06124203 0 P 0 0
P 0.02624656 0.07873976 0 P 0 0
P 0.04374429 0.07873976 0 P 0 0
P 0.0962375 0.07873976 0 P 0 0
P 0.13123297 0.07873976 0 P 0 0
P 0.18372618 0.07873976 0 P 0 0
P 0.20122392 0.07873976 0 P 0 0
P 0.21872165 0.07873976 0 P 0 0
P 0.2887126 0.07873976 0 P 0 0
P 0.04374429 0.0962375 0 P 0 0
P 0.06124203 0.0962375 0 P 0 0
P 0.07873976 0.0962375 0 P 0 0
P 0.11373524 0.0962375 0 P 0 0
P 0.13123297 0.0962375 0 P 0 0
P 0.14873071 0.0962375 0 P 0 0
P 0.18372618 0.0962375 0 P 0 0
P 0.20122392 0.0962375 0 P 0 0
P 0.27121486 0.0962375 0 P 0 0
P 0.2887126 0.0962375 0 P 0 0
P 0.02624656 0.11373524 0 P 0 0
P 0.06124203 0.11373524 0 P 0 0
P 0.0962375 0.11373524 0 P 0 0
P 0.20122392 0.11373524 0 P 0 0
P 0.23621939 0.11373524 0 P 0 0
P 0.02624656 0.13123297 0 P 0 0
P 0.06124203 0.13123297 0 P 0 0
P 0.0962375 0.13123297 0 P 0 0
P 0.13123297 0.13123297 0 P 0 0
P 0.14873071 0.13123297 0 P 0 0
P 0.20122392 0.13123297 0 P 0 0
P 0.23621939 0.13123297 0 P 0 0
P 0.27121486 0.13123297 0 P 0 0
P 0.02624656 0.14873071 0 P 0 0
P 0.04374429 0.14873071 0 P 0 0
P 0.16622844 0.14873071 0 P 0 0
P 0.18372618 0.14873071 0 P 0 0
P 0.23621939 0.14873071 0 P 0 0
P 0.02624656 0.16622844 0 P 0 0
P 0.04374429 0.16622844 0 P 0 0
P 0.07873976 0.16622844 0 P 0 0
P 0.0962375 0.16622844 0 P 0 0
P 0.13123297 0.16622844 0 P 0 0
P 0.14873071 0.16622844 0 P 0 0
P 0.21872165 0.16622844 0 P 0 0
P 0.23621939 0.16622844 0 P 0 0
P 0.27121486 0.16622844 0 P 0 0
P 0.04374429 0.18372618 0 P 0 0
P 0.07873976 0.18372618 0 P 0 0
P 0.0962375 0.18372618 0 P 0 0
P 0.16622844 0.18372618 0 P 0 0
P 0.18372618 0.18372618 0 P 0 0
P 0.21872165 0.18372618 0 P 0 0
P 0.23621939 0.18372618 0 P 0 0
P 0.27121486 0.18372618 0 P 0 0
P 0.2887126 0.18372618 0 P 0 0
P 0.04374429 0.20122392 0 P 0 0
P 0.0962375 0.20122392 0 P 0 0
P 0.18372618 0.20122392 0 P 0 0
P 0.21872165 0.20122392 0 P 0 0
P 0.23621939 0.20122392 0 P 0 0
P 0.2887126 0.20122392 0 P 0 0
P 0.02624656 0.21872165 0 P 0 0
P 0.04374429 0.21872165 0 P 0 0
P 0.13123297 0.21872165 0 P 0 0
P 0.16622844 0.21872165 0 P 0 0
P 0.27121486 0.21872165 0 P 0 0
P 0.2887126 0.21872165 0 P 0 0
P 0.02624656 0.23621939 0 P 0 0
P 0.06124203 0.23621939 0 P 0 0
P 0.07873976 0.23621939 0 P 0 0
P 0.0962375 0.23621939 0 P 0 0
P 0.11373524 0.23621939 0 P 0 0
P 0.14873071 0.23621939 0 P 0 0
P 0.16622844 0.23621939 0 P 0 0
P 0.18372618 0.23621939 0 P 0 0
P 0.21872165 0.23621939 0 P 0 0
P 0.25371713 0.23621939 0 P 0 0
P 0.27121486 0.23621939 0 P 0 0
P 0.0962375 0.25371713 0 P 0 0
P 0.11373524 0.25371713 0 P 0 0
P 0.13123297 0.25371713 0 P 0 0
P 0.20122392 0.25371713 0 P 0 0
P 0.21872165 0.25371713 0 P 0 0
P 0.25371713 0.25371713 0 P 0 0
P 0.27121486 0.25371713 0 P 0 0
P 0.2887126 0.25371713 0 P 0 0
P 0.02624656 0.27121486 0 P 0 0
P 0.0962375 0.27121486 0 P 0 0
P 0.11373524 0.27121486 0 P 0 0
P 0.13123297 0.27121486 0 P 0 0
P 0.14873071 0.27121486 0 P 0 0
P 0.16622844 0.27121486 0 P 0 0
P 0.20122392 0.27121486 0 P 0 0
P 0.21872165 0.27121486 0 P 0 0
P 0.23621939 0.27121486 0 P 0 0
P 0.2887126 0.27121486 0 P 0 0
P 0.02624656 0.2887126 0 P 0 0
P 0.06124203 0.2887126 0 P 0 0
P 0.0962375 0.2887126 0 P 0 0
P 0.11373524 0.2887126 0 P 0 0
P 0.16622844 0.2887126 0 P 0 0
P 0.20122392 0.2887126 0 P 0 0
P 0.21872165 0.2887126 0 P 0 0
