#
#Feature symbol names
#
$0 r4.5

#
#Feature attribute names
#
@0 .imp_line

#
#Layer features
#
L 0.89222303 4.19142697 0.90797096 4.207175 0 P 24 ;0
L 0.90797096 3.92371004 0.89222303 3.93945797 0 P 24 ;0
L 0.90797096 3.95520699 0.89222303 3.97095502 0 P 24 ;0
L 0.90797096 4.17568002 0.89222303 4.159931 0 P 24 ;0
L 1.00246004 4.08119104 1.01820797 4.09693996 0 P 24 ;0
L 1.01230197 3.07134803 1.02509705 3.08414498 0 P 24 ;0
L 1.01820797 4.06544301 1.00246004 4.04969498 0 P 24 ;0
L 1.07627795 3.26327697 1.089075 3.25048199 0 P 24 ;0
L 1.089075 3.22489203 1.07627795 3.23768701 0 P 24 ;0
L 1.12746004 3.26327697 1.14025502 3.25048199 0 P 24 ;0
L 1.14025502 3.22489203 1.12746004 3.23768701 0 P 24 ;0
L 1.31938898 3.25048199 1.31938898 3.33103002 0 P 24 ;0
L 1.31938898 3.33103002 1.33595797 3.34759803 0 P 24 ;0
L 1.33595797 3.34759803 1.34210797 3.35374803 0 P 24 ;0
L 1.34210797 3.35374803 1.34210797 3.35897205 0 P 24 ;0
L 1.34210797 3.35897205 1.33839301 3.36268701 0 P 24 ;0
L 1.33839301 3.36268701 1.334981 3.3661 0 P 24 ;0
L 1.334981 3.3661 1.334981 3.373625 0 P 24 ;0
L 1.334981 3.373625 1.34358602 3.38223002 0 P 24 ;0
L 1.34358602 3.38223002 1.35196703 3.38223002 0 P 24 ;0
L 1.35196703 3.38223002 1.35809498 3.37610197 0 P 24 ;0
L 1.35809498 3.37610197 1.36446102 3.37610197 0 P 24 ;0
L 1.36446102 3.37610197 1.38002205 3.39166201 0 P 24 ;0
L 1.38002205 3.39166201 1.38002205 3.442525 0 P 24 ;0
L 1.38002205 3.442525 1.39516004 3.45766201 0 P 24 ;0
L 1.39516004 3.45766201 1.39516004 3.47293996 0 P 24 ;0
L 1.39516004 3.47293996 1.37253799 3.49556102 0 P 24 ;0
L 1.3683 3.36268701 1.39222205 3.38661004 0 P 24 ;0
L 1.39222205 3.38661004 1.39222205 3.43747205 0 P 24 ;0
L 1.39222205 3.43747205 1.40736004 3.45261004 0 P 24 ;0
L 1.40736004 3.45261004 1.40736004 3.47858504 0 P 24 ;0
L 1.40736004 3.47858504 1.42175098 3.49297598 0 P 24 ;0
L 1.42175098 3.49297598 1.42175098 3.49556102 0 P 24 ;0
L 1.3683 3.36268701 1.33158996 3.325975 0 P 24 ;0
L 1.33158996 3.325975 1.33158996 3.27626496 0 P 24 ;0
L 1.33158996 3.27626496 1.33179498 3.27605797 0 P 24 ;0
L 1.33179498 3.27605797 1.33179498 3.23729705 0 P 24 ;0
L 1.33179498 3.23729705 1.31938898 3.22489203 0 P 24 ;0
L 1.37253799 3.53296201 1.37253799 3.53473996 0 P 24 ;0
L 1.37253799 3.53473996 1.38746201 3.54966496 0 P 24 ;0
L 1.38746201 3.54966496 1.38746201 3.57206201 0 P 24 ;0
L 1.38336496 3.23768701 1.39616004 3.22489203 0 P 24 ;0
L 1.38336496 3.26327697 1.39616004 3.25048199 0 P 24 ;0
L 1.42175098 3.53296201 1.42175098 3.53499498 0 P 24 ;0
L 1.42175098 3.53499498 1.40446496 3.552281 0 P 24 ;0
L 1.40446496 3.552281 1.40446496 3.56274104 0 P 24 ;0
L 1.40446496 3.56274104 1.41324301 3.57151998 0 P 24 ;0
L 1.41324301 3.57151998 1.41324301 3.57256496 0 P 24 ;0
L 1.47293199 3.25048199 1.48572697 3.26327697 0 P 24 ;0
L 1.48572697 3.23768701 1.47293199 3.22489203 0 P 24 ;0
L 1.71899498 3.92371004 1.70324705 3.93945797 0 P 24 ;0
L 1.71899498 3.95520699 1.70324705 3.97095502 0 P 24 ;0
L 1.71899498 4.14418297 1.70324705 4.159931 0 P 24 ;0
L 1.71899498 4.17568002 1.70324705 4.19142697 0 P 24 ;0
L 1.81348297 4.08119104 1.829231 4.09693996 0 P 24 ;0
L 1.829231 4.06544301 1.81348297 4.04969498 0 P 24 ;0
L 3.17938002 3.36638701 3.20769498 3.36638701 0 P 24 ;0
L 3.20769498 3.36638701 3.20946998 3.36816102 0 P 24 ;0
L 3.20946998 3.36816102 3.242125 3.36816102 0 P 24 ;0
L 3.17938002 3.38213504 3.20769498 3.38213504 0 P 24 ;0
L 3.20769498 3.38213504 3.20946998 3.38036102 0 P 24 ;0
L 3.20946998 3.38036102 3.242125 3.38036102 0 P 24 ;0
L 3.17938002 3.39788297 3.20669498 3.39788297 0 P 24 ;0
L 3.20669498 3.39788297 3.20846998 3.39965699 0 P 24 ;0
L 3.20846998 3.39965699 3.23648504 3.39965699 0 P 24 ;0
L 3.23648504 3.39965699 3.242125 3.40529705 0 P 24 ;0
L 3.17938002 3.413631 3.20669498 3.413631 0 P 24 ;0
L 3.20669498 3.413631 3.20846998 3.41185699 0 P 24 ;0
L 3.20846998 3.41185699 3.231431 3.41185699 0 P 24 ;0
L 3.231431 3.41185699 3.242125 3.42255098 0 P 24 ;0
L 3.242125 3.36816102 3.25735295 3.36816102 0 P 24 ;0
L 3.25735295 3.36816102 3.734575 3.84538199 0 P 24 ;0
L 3.734575 3.84538199 3.734575 4.42551998 0 P 24 ;0
L 3.734575 4.42551998 3.746456 4.43740098 0 P 24 ;0
L 3.242125 3.38036102 3.2523 3.38036102 0 P 24 ;0
L 3.2523 3.38036102 3.722375 3.85043602 0 P 24 ;0
L 3.722375 3.85043602 3.722375 3.87514498 0 P 24 ;0
L 3.722375 3.87514498 3.71754498 3.87997303 0 P 24 ;0
L 3.71754498 3.87997303 3.70656998 3.87997303 0 P 24 ;0
L 3.70656998 3.87997303 3.70256004 3.88398297 0 P 24 ;0
L 3.70256004 3.88398297 3.70256004 3.89453602 0 P 24 ;0
L 3.70256004 3.89453602 3.70720295 3.89918002 0 P 24 ;0
L 3.70720295 3.89918002 3.71628002 3.89918002 0 P 24 ;0
L 3.71628002 3.89918002 3.722375 3.905275 0 P 24 ;0
L 3.722375 3.905275 3.722375 4.42565502 0 P 24 ;0
L 3.722375 4.42565502 3.71063002 4.43740098 0 P 24 ;0
L 3.242125 3.40529705 3.64883602 3.81201004 0 P 24 ;0
L 3.64883602 3.81201004 3.64883602 4.42678996 0 P 24 ;0
L 3.64883602 4.42678996 3.65944803 4.43740098 0 P 24 ;0
L 3.242125 3.42255098 3.63663602 3.81706201 0 P 24 ;0
L 3.63663602 3.81706201 3.63663602 3.84606496 0 P 24 ;0
L 3.63663602 3.84606496 3.63143297 3.85126703 0 P 24 ;0
L 3.63143297 3.85126703 3.621725 3.85126703 0 P 24 ;0
L 3.621725 3.85126703 3.61644705 3.85654498 0 P 24 ;0
L 3.61644705 3.85654498 3.61644705 3.86730797 0 P 24 ;0
L 3.61644705 3.86730797 3.62214596 3.87300699 0 P 24 ;0
L 3.62214596 3.87300699 3.63248799 3.87300699 0 P 24 ;0
L 3.63248799 3.87300699 3.63663602 3.87715502 0 P 24 ;0
L 3.63663602 3.87715502 3.63663602 4.42438504 0 P 24 ;0
L 3.63663602 4.42438504 3.62362096 4.43740098 0 P 24 ;0
L 3.242125 3.46108799 3.21041604 3.42938002 0 P 24 ;0
L 3.21041604 3.42938002 3.17938002 3.42938002 0 P 24 ;0
L 3.242125 3.47834203 3.20891004 3.44512697 0 P 24 ;0
L 3.20891004 3.44512697 3.17938002 3.44512697 0 P 24 ;0
L 3.48498002 6.52066801 3.51378002 6.52066801 0 P 24 ;0
L 3.50196801 6.69980197 3.52551299 6.72334803 0 P 24 ;0
L 3.52551299 6.72334803 3.52551299 6.73702697 0 P 24 ;0
L 3.52551299 6.73702697 3.58440197 6.79591604 0 P 24 ;0
L 3.58440197 6.79591604 3.64715502 6.79591604 0 P 24 ;0
L 3.64715502 6.79591604 3.67893799 6.8277 0 P 24 ;0
L 3.67893799 6.8277 3.67893799 6.83543002 0 P 24 ;0
L 3.67893799 6.83543002 3.67519596 6.83917205 0 P 24 ;0
L 3.67519596 6.83917205 3.67519596 6.86023504 0 P 24 ;0
L 3.50590502 6.41732205 3.52629203 6.39693504 0 P 24 ;0
L 3.52629203 6.39693504 3.52629203 6.383706 0 P 24 ;0
L 3.52629203 6.383706 3.51660098 6.37401496 0 P 24 ;0
L 3.51660098 6.37401496 3.51574705 6.37401496 0 P 24 ;0
L 3.51378002 6.52066801 3.51378002 6.50868996 0 P 24 ;0
L 3.51378002 6.50868996 3.52571004 6.49675797 0 P 24 ;0
L 3.52571004 6.49675797 3.52571004 6.47512598 0 P 24 ;0
L 3.52571004 6.47512598 3.50590502 6.45532096 0 P 24 ;0
L 3.50590502 6.45532096 3.50590502 6.45472303 0 P 24 ;0
L 3.51378002 6.59350295 3.51378002 6.62511604 0 P 24 ;0
L 3.51378002 6.62511604 3.52551299 6.63685098 0 P 24 ;0
L 3.52551299 6.63685098 3.52551299 6.67845197 0 P 24 ;0
L 3.52551299 6.67845197 3.506131 6.69783504 0 P 24 ;0
L 3.506131 6.69783504 3.50393602 6.69783504 0 P 24 ;0
L 3.50393602 6.69783504 3.50196801 6.69980197 0 P 24 ;0
L 3.53661299 4.43740098 3.53661299 4.43543602 0 P 24 ;0
L 3.53661299 4.43543602 3.546456 4.42559498 0 P 24 ;0
L 3.546456 4.42559498 3.546456 3.78267205 0 P 24 ;0
L 3.546456 3.78267205 3.40138799 3.63760502 0 P 24 ;0
L 3.40138799 3.63760502 3.39000295 3.63760502 0 P 24 ;0
L 3.39000295 3.63760502 3.38331998 3.64428701 0 P 24 ;0
L 3.38331998 3.64428701 3.37501998 3.64428701 0 P 24 ;0
L 3.37501998 3.64428701 3.36783996 3.637106 0 P 24 ;0
L 3.36783996 3.637106 3.36783996 3.62872795 0 P 24 ;0
L 3.36783996 3.62872795 3.37385 3.62271604 0 P 24 ;0
L 3.37385 3.62271604 3.37385 3.61006703 0 P 24 ;0
L 3.37385 3.61006703 3.36711604 3.60333297 0 P 24 ;0
L 3.36711604 3.60333297 3.35655 3.60333297 0 P 24 ;0
L 3.35655 3.60333297 3.34725699 3.59404104 0 P 24 ;0
L 3.34725699 3.59404104 3.34725699 3.583475 0 P 24 ;0
L 3.34725699 3.583475 3.242125 3.47834203 0 P 24 ;0
L 3.54921201 6.52066801 3.54921201 6.50853996 0 P 24 ;0
L 3.54921201 6.50853996 3.53820197 6.49753002 0 P 24 ;0
L 3.53820197 6.49753002 3.53820197 6.47656004 0 P 24 ;0
L 3.53820197 6.47656004 3.55905502 6.45570797 0 P 24 ;0
L 3.55905502 6.45570797 3.55905502 6.45472303 0 P 24 ;0
L 3.54921201 6.59350295 3.54921201 6.625675 0 P 24 ;0
L 3.54921201 6.625675 3.53861201 6.636275 0 P 24 ;0
L 3.53861201 6.636275 3.53861201 6.67990295 0 P 24 ;0
L 3.53861201 6.67990295 3.55851102 6.69980197 0 P 24 ;0
L 3.55851102 6.69980197 3.56102303 6.69980197 0 P 24 ;0
L 3.55118002 6.37401496 3.55118002 6.37319498 0 P 24 ;0
L 3.55118002 6.37319498 3.54964301 6.37319498 0 P 24 ;0
L 3.54964301 6.37319498 3.53926496 6.38357205 0 P 24 ;0
L 3.53926496 6.38357205 3.53926496 6.39753297 0 P 24 ;0
L 3.53926496 6.39753297 3.55905502 6.41732205 0 P 24 ;0
L 3.56102303 6.69980197 3.53771299 6.72311201 0 P 24 ;0
L 3.53771299 6.72311201 3.53771299 6.73197303 0 P 24 ;0
L 3.53771299 6.73197303 3.58945502 6.78371604 0 P 24 ;0
L 3.58945502 6.78371604 3.65220699 6.78371604 0 P 24 ;0
L 3.65220699 6.78371604 3.69113799 6.82264705 0 P 24 ;0
L 3.69113799 6.82264705 3.69113799 6.83471604 0 P 24 ;0
L 3.69113799 6.83471604 3.694881 6.83846004 0 P 24 ;0
L 3.694881 6.83846004 3.694881 6.86023504 0 P 24 ;0
L 3.57243996 4.43740098 3.558656 4.42361604 0 P 24 ;0
L 3.558656 4.42361604 3.558656 3.77761998 0 P 24 ;0
L 3.558656 3.77761998 3.242125 3.46108799 0 P 24 ;0
L 3.57801004 6.52066801 3.54921201 6.52066801 0 P 24 ;0
L 3.608106 6.48677598 3.608106 6.47063199 0 P 24 ;0
L 3.608106 6.47063199 3.62204596 6.45669203 0 P 24 ;0
L 3.61614104 6.69980197 3.63994104 6.72360197 0 P 24 ;0
L 3.63994104 6.72360197 3.63994104 6.74711004 0 P 24 ;0
L 3.63994104 6.74711004 3.66606998 6.77323996 0 P 24 ;0
L 3.66606998 6.77323996 3.68938799 6.77323996 0 P 24 ;0
L 3.61614104 6.69980197 3.62038504 6.69980197 0 P 24 ;0
L 3.62038504 6.69980197 3.64165502 6.678531 0 P 24 ;0
L 3.64165502 6.678531 3.64165502 6.63791998 0 P 24 ;0
L 3.64165502 6.63791998 3.62991998 6.62618504 0 P 24 ;0
L 3.62991998 6.62618504 3.62991998 6.59547096 0 P 24 ;0
L 3.62204596 6.41928996 3.64243504 6.39890295 0 P 24 ;0
L 3.64243504 6.39890295 3.64243504 6.385675 0 P 24 ;0
L 3.64243504 6.385675 3.63274301 6.37598297 0 P 24 ;0
L 3.63274301 6.37598297 3.63188996 6.37598297 0 P 24 ;0
L 3.62204596 6.45669203 3.62204596 6.45728996 0 P 24 ;0
L 3.62204596 6.45728996 3.64185197 6.47709498 0 P 24 ;0
L 3.64185197 6.47709498 3.64185197 6.49872697 0 P 24 ;0
L 3.64185197 6.49872697 3.62991998 6.51065797 0 P 24 ;0
L 3.62991998 6.51065797 3.62991998 6.52263701 0 P 24 ;0
L 3.66535295 6.52263701 3.66535295 6.51050699 0 P 24 ;0
L 3.66535295 6.51050699 3.65434498 6.49949803 0 P 24 ;0
L 3.65434498 6.49949803 3.65434498 6.47852795 0 P 24 ;0
L 3.65434498 6.47852795 3.67519596 6.45767598 0 P 24 ;0
L 3.67519596 6.45767598 3.67519596 6.45669203 0 P 24 ;0
L 3.66535295 6.59547096 3.66535295 6.62628799 0 P 24 ;0
L 3.66535295 6.62628799 3.65475295 6.63688799 0 P 24 ;0
L 3.65475295 6.63688799 3.65475295 6.680131 0 P 24 ;0
L 3.65475295 6.680131 3.67383297 6.69921102 0 P 24 ;0
L 3.67383297 6.69921102 3.67716496 6.69921102 0 P 24 ;0
L 3.67716496 6.69921102 3.67716496 6.69980197 0 P 24 ;0
L 3.66732205 6.37598297 3.66732205 6.37516201 0 P 24 ;0
L 3.66732205 6.37516201 3.66578504 6.37516201 0 P 24 ;0
L 3.66578504 6.37516201 3.65540699 6.38553996 0 P 24 ;0
L 3.65540699 6.38553996 3.65540699 6.39950098 0 P 24 ;0
L 3.65540699 6.39950098 3.67519596 6.41928996 0 P 24 ;0
L 3.67716496 6.69980197 3.65214104 6.72482598 0 P 24 ;0
L 3.65214104 6.72482598 3.65214104 6.742056 0 P 24 ;0
L 3.65214104 6.742056 3.671125 6.76103996 0 P 24 ;0
L 3.671125 6.76103996 3.68433504 6.76103996 0 P 24 ;0
L 3.68433504 6.76103996 3.70025197 6.74512096 0 P 24 ;0
L 3.70025197 6.74512096 3.71626496 6.74512096 0 P 24 ;0
L 3.71626496 6.74512096 3.73956703 6.768425 0 P 24 ;0
L 3.73956703 6.768425 3.73956703 6.78443602 0 P 24 ;0
L 3.68938799 6.77323996 3.705306 6.75732096 0 P 24 ;0
L 3.68978799 6.48726004 3.68978799 6.47128504 0 P 24 ;0
L 3.68978799 6.47128504 3.67519596 6.45669203 0 P 24 ;0
L 3.705306 6.75732096 3.71121201 6.75732096 0 P 24 ;0
L 3.71121201 6.75732096 3.72736703 6.77347697 0 P 24 ;0
L 3.71576703 6.79098297 3.71576703 6.80699596 0 P 24 ;0
L 3.71576703 6.80699596 3.73799301 6.82922205 0 P 24 ;0
L 3.73799301 6.82922205 3.73799301 6.83458701 0 P 24 ;0
L 3.73799301 6.83458701 3.73425098 6.83833002 0 P 24 ;0
L 3.73425098 6.83833002 3.73425098 6.86023504 0 P 24 ;0
L 3.72736703 6.77347697 3.72736703 6.77938297 0 P 24 ;0
L 3.72736703 6.77938297 3.71576703 6.79098297 0 P 24 ;0
L 3.72796703 6.79603701 3.72796703 6.80194301 0 P 24 ;0
L 3.72796703 6.80194301 3.73719203 6.81116801 0 P 24 ;0
L 3.73719203 6.81116801 3.74043297 6.81116801 0 P 24 ;0
L 3.74043297 6.81116801 3.75019301 6.82092795 0 P 24 ;0
L 3.75019301 6.82092795 3.75019301 6.83395797 0 P 24 ;0
L 3.75019301 6.83395797 3.75393602 6.8377 0 P 24 ;0
L 3.75393602 6.8377 3.75393602 6.86023504 0 P 24 ;0
L 3.73818799 6.70964498 3.78936998 6.70964498 0 P 24 ;0
L 3.73956703 6.78443602 3.72796703 6.79603701 0 P 24 ;0
L 3.772381 6.53248002 3.80118002 6.53248002 0 P 24 ;0
L 3.78936998 6.70964498 3.79244803 6.71272303 0 P 24 ;0
L 3.79244803 6.71272303 3.80663701 6.71272303 0 P 24 ;0
L 3.80663701 6.71272303 3.81177697 6.71786299 0 P 24 ;0
L 3.81177697 6.71786299 3.81177697 6.74459596 0 P 24 ;0
L 3.81177697 6.74459596 3.80844301 6.74793002 0 P 24 ;0
L 3.80844301 6.74793002 3.79368002 6.74793002 0 P 24 ;0
L 3.79368002 6.74793002 3.78251998 6.75909104 0 P 24 ;0
L 3.78251998 6.75909104 3.78251998 6.78185098 0 P 24 ;0
L 3.78251998 6.78185098 3.79288701 6.79221801 0 P 24 ;0
L 3.79288701 6.79221801 3.80849596 6.79221801 0 P 24 ;0
L 3.80849596 6.79221801 3.81268996 6.79641102 0 P 24 ;0
L 3.81268996 6.79641102 3.81268996 6.80577795 0 P 24 ;0
L 3.81268996 6.80577795 3.79705 6.82141801 0 P 24 ;0
L 3.79705 6.82141801 3.79705 6.83474203 0 P 24 ;0
L 3.79705 6.83474203 3.793306 6.83848504 0 P 24 ;0
L 3.793306 6.83848504 3.793306 6.86023504 0 P 24 ;0
L 3.79133799 6.37795197 3.811725 6.35756496 0 P 24 ;0
L 3.811725 6.35756496 3.811725 6.34433602 0 P 24 ;0
L 3.811725 6.34433602 3.80203504 6.33464498 0 P 24 ;0
L 3.80203504 6.33464498 3.80118002 6.33464498 0 P 24 ;0
L 3.79133799 6.41535295 3.79133799 6.41554596 0 P 24 ;0
L 3.79133799 6.41554596 3.81202205 6.43623002 0 P 24 ;0
L 3.81202205 6.43623002 3.81202205 6.44764104 0 P 24 ;0
L 3.81202205 6.44764104 3.79312795 6.46653504 0 P 24 ;0
L 3.79312795 6.46653504 3.79271004 6.46653504 0 P 24 ;0
L 3.79271004 6.46653504 3.81311201 6.48693701 0 P 24 ;0
L 3.81311201 6.48693701 3.81311201 6.50856998 0 P 24 ;0
L 3.81311201 6.50856998 3.80118002 6.52050098 0 P 24 ;0
L 3.80118002 6.52050098 3.80118002 6.53248002 0 P 24 ;0
L 3.79271004 6.46653504 3.79133799 6.46653504 0 P 24 ;0
L 3.80118002 6.60531496 3.80118002 6.63601201 0 P 24 ;0
L 3.80118002 6.63601201 3.81402303 6.648856 0 P 24 ;0
L 3.81402303 6.648856 3.81402303 6.687225 0 P 24 ;0
L 3.81402303 6.687225 3.79160197 6.70964498 0 P 24 ;0
L 3.79160197 6.70964498 3.78936998 6.70964498 0 P 24 ;0
L 3.83661299 6.53248002 3.83661299 6.52035 0 P 24 ;0
L 3.83661299 6.52035 3.82560502 6.50934104 0 P 24 ;0
L 3.82560502 6.50934104 3.82560502 6.48837096 0 P 24 ;0
L 3.82560502 6.48837096 3.846456 6.46751998 0 P 24 ;0
L 3.846456 6.46751998 3.846456 6.46653504 0 P 24 ;0
L 3.83661299 6.60531496 3.83661299 6.63611102 0 P 24 ;0
L 3.83661299 6.63611102 3.82622303 6.64650098 0 P 24 ;0
L 3.82622303 6.64650098 3.82622303 6.68771496 0 P 24 ;0
L 3.82622303 6.68771496 3.84815502 6.70964498 0 P 24 ;0
L 3.84815502 6.70964498 3.85039301 6.70964498 0 P 24 ;0
L 3.846456 6.37795197 3.84448701 6.37795197 0 P 24 ;0
L 3.84448701 6.37795197 3.82469803 6.35816201 0 P 24 ;0
L 3.82469803 6.35816201 3.82469803 6.34420197 0 P 24 ;0
L 3.82469803 6.34420197 3.83507598 6.333825 0 P 24 ;0
L 3.83507598 6.333825 3.83661299 6.333825 0 P 24 ;0
L 3.83661299 6.333825 3.83661299 6.33464498 0 P 24 ;0
L 3.846456 6.41535295 3.84515 6.41535295 0 P 24 ;0
L 3.84515 6.41535295 3.82519498 6.43531004 0 P 24 ;0
L 3.82519498 6.43531004 3.82519498 6.44784104 0 P 24 ;0
L 3.82519498 6.44784104 3.84388799 6.46653504 0 P 24 ;0
L 3.84388799 6.46653504 3.846456 6.46653504 0 P 24 ;0
L 3.85039301 6.70964498 3.82397697 6.73606004 0 P 24 ;0
L 3.82397697 6.73606004 3.82397697 6.74965 0 P 24 ;0
L 3.82397697 6.74965 3.81349705 6.76013002 0 P 24 ;0
L 3.81349705 6.76013002 3.79873504 6.76013002 0 P 24 ;0
L 3.79873504 6.76013002 3.79471998 6.76414498 0 P 24 ;0
L 3.79471998 6.76414498 3.79471998 6.77679705 0 P 24 ;0
L 3.79471998 6.77679705 3.79793996 6.78001801 0 P 24 ;0
L 3.79793996 6.78001801 3.81355 6.78001801 0 P 24 ;0
L 3.81355 6.78001801 3.82488996 6.79135699 0 P 24 ;0
L 3.82488996 6.79135699 3.82488996 6.810831 0 P 24 ;0
L 3.82488996 6.810831 3.80925 6.82647096 0 P 24 ;0
L 3.80925 6.82647096 3.80925 6.83423504 0 P 24 ;0
L 3.80925 6.83423504 3.81299104 6.83797697 0 P 24 ;0
L 3.81299104 6.83797697 3.81299104 6.86023504 0 P 24 ;0
L 3.85039301 6.70964498 3.901575 6.70964498 0 P 24 ;0
L 3.86541201 6.53248002 3.83661299 6.53248002 0 P 24 ;0
L 4.476575 3.27263701 4.476575 3.23025502 0 P 24 ;0
L 4.476575 3.23025502 4.501981 3.20484803 0 P 24 ;0
L 4.501981 3.20484803 4.501981 3.17766604 0 P 24 ;0
L 4.476575 4.20747598 4.476575 4.14862096 0 P 24 ;0
L 4.49409301 3.02952697 4.51082598 3.01279498 0 P 24 ;0
L 4.51082598 3.01279498 4.51082598 2.97047096 0 P 24 ;0
L 4.49409301 3.08858199 4.50196801 3.096456 0 P 24 ;0
L 4.50196801 3.096456 4.50196801 3.14763701 0 P 24 ;0
L 4.50196801 3.14763701 4.50196801 3.17765295 0 P 24 ;0
L 4.50196801 3.17765295 4.501981 3.17766604 0 P 24 ;0
L 4.50885699 3.71063002 4.50885699 3.69298799 0 P 24 ;0
L 4.50885699 3.69298799 4.476575 3.66070502 0 P 24 ;0
L 4.476575 3.66070502 4.476575 3.617125 0 P 24 ;0
L 4.50885699 3.71063002 4.50885699 3.72773996 0 P 24 ;0
L 4.50885699 3.72773996 4.476575 3.76002303 0 P 24 ;0
L 4.476575 3.76002303 4.476575 3.80413297 0 P 24 ;0
L 4.54626004 3.71063002 4.54626004 3.69106102 0 P 24 ;0
L 4.54626004 3.69106102 4.576575 3.66074596 0 P 24 ;0
L 4.576575 3.66074596 4.576575 3.617125 0 P 24 ;0
L 4.54626004 3.71063002 4.54626004 3.72880797 0 P 24 ;0
L 4.54626004 3.72880797 4.576575 3.75912303 0 P 24 ;0
L 4.576575 3.75912303 4.576575 3.80413297 0 P 24 ;0
L 4.55118002 3.14763701 4.55118002 3.17785502 0 P 24 ;0
L 4.55118002 3.17785502 4.55119104 3.17786496 0 P 24 ;0
L 4.55119104 3.17786496 4.55119104 3.20428799 0 P 24 ;0
L 4.55119104 3.20428799 4.576575 3.22967096 0 P 24 ;0
L 4.576575 3.22967096 4.576575 3.27263701 0 P 24 ;0
L 4.55905502 3.02952697 4.54822697 3.0187 0 P 24 ;0
L 4.54822697 3.0187 4.54822697 2.97047096 0 P 24 ;0
L 4.55905502 3.08858199 4.55118002 3.096456 0 P 24 ;0
L 4.55118002 3.096456 4.55118002 3.14763701 0 P 24 ;0
L 4.576575 4.20747598 4.576575 4.14862096 0 P 24 ;0
L 4.61023504 2.85039301 4.61023504 2.86909301 0 P 24 ;0
L 4.61023504 2.86909301 4.61397795 2.87283602 0 P 24 ;0
L 4.61397795 2.87283602 4.61397795 2.89610502 0 P 24 ;0
L 4.61397795 2.89610502 4.59676201 2.91331998 0 P 24 ;0
L 4.59676201 2.91331998 4.5446 2.91331998 0 P 24 ;0
L 4.5446 2.91331998 4.52342697 2.93449301 0 P 24 ;0
L 4.52342697 2.93449301 4.52342697 2.95875197 0 P 24 ;0
L 4.52342697 2.95875197 4.51170699 2.97047096 0 P 24 ;0
L 4.51170699 2.97047096 4.51082598 2.97047096 0 P 24 ;0
L 4.62991998 2.85039301 4.62991998 2.86889301 0 P 24 ;0
L 4.62991998 2.86889301 4.62617795 2.87263504 0 P 24 ;0
L 4.62617795 2.87263504 4.62617795 2.90115797 0 P 24 ;0
L 4.62617795 2.90115797 4.60181604 2.92551998 0 P 24 ;0
L 4.60181604 2.92551998 4.54965295 2.92551998 0 P 24 ;0
L 4.54965295 2.92551998 4.53562697 2.93954705 0 P 24 ;0
L 4.53562697 2.93954705 4.53562697 2.95912795 0 P 24 ;0
L 4.53562697 2.95912795 4.54696998 2.97047096 0 P 24 ;0
L 4.54696998 2.97047096 4.54822697 2.97047096 0 P 24 ;0
L 4.69097795 4.51827303 4.70196998 4.50728199 0 P 24 ;0
L 4.70196998 4.50728199 4.72440797 4.50728199 0 P 24 ;0
L 4.69180502 4.54633701 4.70275 4.55728199 0 P 24 ;0
L 4.70275 4.55728199 4.72440797 4.55728199 0 P 24 ;0
L 4.72440797 4.50728199 4.72440797 4.50846998 0 P 24 ;0
L 4.72440797 4.50846998 4.742556 4.52661801 0 P 24 ;0
L 4.742556 4.52661801 4.78624203 4.52661801 0 P 24 ;0
L 4.78624203 4.52661801 4.80557795 4.50728199 0 P 24 ;0
L 4.80557795 4.50728199 4.82480197 4.50728199 0 P 24 ;0
L 4.72440797 4.55728199 4.72440797 4.55664803 0 P 24 ;0
L 4.72440797 4.55664803 4.74205502 4.53900197 0 P 24 ;0
L 4.74205502 4.53900197 4.78651102 4.53900197 0 P 24 ;0
L 4.78651102 4.53900197 4.80479203 4.55728199 0 P 24 ;0
L 4.80479203 4.55728199 4.82480197 4.55728199 0 P 24 ;0
L 4.726575 4.20747598 4.726575 4.14862096 0 P 24 ;0
L 4.74409301 3.02952697 4.75491998 3.0187 0 P 24 ;0
L 4.75491998 3.0187 4.75491998 2.97047096 0 P 24 ;0
L 4.74409301 3.08858199 4.74901496 3.09350295 0 P 24 ;0
L 4.74901496 3.09350295 4.74901496 3.14763701 0 P 24 ;0
L 4.74901496 3.14763701 4.74901496 3.17785502 0 P 24 ;0
L 4.74901496 3.17785502 4.749025 3.17786496 0 P 24 ;0
L 4.749025 3.17786496 4.749025 3.20471299 0 P 24 ;0
L 4.749025 3.20471299 4.726575 3.22716496 0 P 24 ;0
L 4.726575 3.22716496 4.726575 3.27263701 0 P 24 ;0
L 4.75491998 2.97047096 4.75545098 2.97047096 0 P 24 ;0
L 4.75545098 2.97047096 4.76713504 2.95878799 0 P 24 ;0
L 4.76713504 2.95878799 4.76713504 2.93950098 0 P 24 ;0
L 4.76713504 2.93950098 4.75273002 2.92509705 0 P 24 ;0
L 4.75273002 2.92509705 4.67831102 2.92509705 0 P 24 ;0
L 4.67831102 2.92509705 4.65334803 2.90013297 0 P 24 ;0
L 4.65334803 2.90013297 4.65334803 2.87311299 0 P 24 ;0
L 4.65334803 2.87311299 4.64960502 2.86937096 0 P 24 ;0
L 4.64960502 2.86937096 4.64960502 2.85039301 0 P 24 ;0
L 4.75885699 3.71063002 4.75885699 3.69345699 0 P 24 ;0
L 4.75885699 3.69345699 4.726575 3.661175 0 P 24 ;0
L 4.726575 3.661175 4.726575 3.617125 0 P 24 ;0
L 4.75885699 3.71063002 4.75885699 3.72864705 0 P 24 ;0
L 4.75885699 3.72864705 4.726575 3.76093002 0 P 24 ;0
L 4.726575 3.76093002 4.726575 3.80413297 0 P 24 ;0
L 4.78444803 0.63090502 4.76833297 0.63090502 0 P 24 ;0
L 4.76833297 0.63090502 4.75590502 0.64333199 0 P 24 ;0
L 4.75590502 0.64333199 4.73494803 0.64333199 0 P 24 ;0
L 4.73494803 0.64333199 4.69516496 0.68311703 0 P 24 ;0
L 4.69516496 0.68311703 4.65624498 0.68311703 0 P 24 ;0
L 4.65624498 0.68311703 4.65226004 0.67913297 0 P 24 ;0
L 4.65226004 0.67913297 4.63287303 0.67913297 0 P 24 ;0
L 4.78444803 0.668306 4.767056 0.668306 0 P 24 ;0
L 4.767056 0.668306 4.75428199 0.65553199 0 P 24 ;0
L 4.75428199 0.65553199 4.74000197 0.65553199 0 P 24 ;0
L 4.74000197 0.65553199 4.70021703 0.69531703 0 P 24 ;0
L 4.70021703 0.69531703 4.65564705 0.69531703 0 P 24 ;0
L 4.65564705 0.69531703 4.65214596 0.69881801 0 P 24 ;0
L 4.65214596 0.69881801 4.63287303 0.69881801 0 P 24 ;0
L 4.78444803 0.74901496 4.76716299 0.74901496 0 P 24 ;0
L 4.76716299 0.74901496 4.75456201 0.76161604 0 P 24 ;0
L 4.75456201 0.76161604 4.73635797 0.76161604 0 P 24 ;0
L 4.73635797 0.76161604 4.69683996 0.72209596 0 P 24 ;0
L 4.69683996 0.72209596 4.65598002 0.72209596 0 P 24 ;0
L 4.65598002 0.72209596 4.65238701 0.71850295 0 P 24 ;0
L 4.65238701 0.71850295 4.63287303 0.71850295 0 P 24 ;0
L 4.78444803 0.78641604 4.76612598 0.78641604 0 P 24 ;0
L 4.76612598 0.78641604 4.753525 0.77381604 0 P 24 ;0
L 4.753525 0.77381604 4.73130502 0.77381604 0 P 24 ;0
L 4.73130502 0.77381604 4.69178504 0.73429596 0 P 24 ;0
L 4.69178504 0.73429596 4.65653297 0.73429596 0 P 24 ;0
L 4.65653297 0.73429596 4.65264104 0.73818799 0 P 24 ;0
L 4.65264104 0.73818799 4.63287303 0.73818799 0 P 24 ;0
L 4.79232205 2.97047096 4.79107697 2.97047096 0 P 24 ;0
L 4.79107697 2.97047096 4.77933504 2.95873002 0 P 24 ;0
L 4.77933504 2.95873002 4.77933504 2.93444705 0 P 24 ;0
L 4.77933504 2.93444705 4.75778504 2.91289705 0 P 24 ;0
L 4.75778504 2.91289705 4.68336496 2.91289705 0 P 24 ;0
L 4.68336496 2.91289705 4.66554803 2.89508002 0 P 24 ;0
L 4.66554803 2.89508002 4.66554803 2.87396998 0 P 24 ;0
L 4.66554803 2.87396998 4.66928996 2.87022598 0 P 24 ;0
L 4.66928996 2.87022598 4.66928996 2.85039301 0 P 24 ;0
L 4.79626004 3.71063002 4.79626004 3.69256703 0 P 24 ;0
L 4.79626004 3.69256703 4.826575 3.66225197 0 P 24 ;0
L 4.826575 3.66225197 4.826575 3.617125 0 P 24 ;0
L 4.79626004 3.71063002 4.79626004 3.72879498 0 P 24 ;0
L 4.79626004 3.72879498 4.826575 3.75911004 0 P 24 ;0
L 4.826575 3.75911004 4.826575 3.80413297 0 P 24 ;0
L 4.79822697 3.14763701 4.79822697 3.17785502 0 P 24 ;0
L 4.79822697 3.17785502 4.79823799 3.17786496 0 P 24 ;0
L 4.79823799 3.17786496 4.79823799 3.2009 0 P 24 ;0
L 4.79823799 3.2009 4.826575 3.22923504 0 P 24 ;0
L 4.826575 3.22923504 4.826575 3.27263701 0 P 24 ;0
L 4.80315 3.02952697 4.79232205 3.0187 0 P 24 ;0
L 4.79232205 3.0187 4.79232205 2.97047096 0 P 24 ;0
L 4.80315 3.08858199 4.79822697 3.09350295 0 P 24 ;0
L 4.79822697 3.09350295 4.79822697 3.14763701 0 P 24 ;0
L 4.826575 4.20747598 4.826575 4.14862096 0 P 24 ;0
L 4.84350295 0.62007795 4.83267598 0.63090502 0 P 24 ;0
L 4.83267598 0.63090502 4.78444803 0.63090502 0 P 24 ;0
L 4.84350295 0.67913297 4.83267598 0.668306 0 P 24 ;0
L 4.83267598 0.668306 4.78444803 0.668306 0 P 24 ;0
L 4.84350295 0.73818799 4.83267598 0.74901496 0 P 24 ;0
L 4.83267598 0.74901496 4.78444803 0.74901496 0 P 24 ;0
L 4.84350295 0.79724301 4.83267598 0.78641604 0 P 24 ;0
L 4.83267598 0.78641604 4.78444803 0.78641604 0 P 24 ;0
L 4.90255797 0.62007795 4.93284301 0.62007795 0 P 24 ;0
L 4.93284301 0.62007795 4.9421 0.62933504 0 P 24 ;0
L 4.9421 0.62933504 4.9421 0.632531 0 P 24 ;0
L 4.90255797 0.67913297 4.93284301 0.67913297 0 P 24 ;0
L 4.93284301 0.67913297 4.94351604 0.66846004 0 P 24 ;0
L 4.94351604 0.66846004 4.94351604 0.66509104 0 P 24 ;0
L 4.90255797 0.73818799 4.93284301 0.73818799 0 P 24 ;0
L 4.93284301 0.73818799 4.94412303 0.74946801 0 P 24 ;0
L 4.94412303 0.74946801 4.94412303 0.75466496 0 P 24 ;0
L 4.90255797 0.79724301 4.93284301 0.79724301 0 P 24 ;0
L 4.93284301 0.79724301 4.94366004 0.78642697 0 P 24 ;0
L 4.94366004 0.78642697 4.94366004 0.78437205 0 P 24 ;0
L 5.05905502 0.70190797 5.05905502 0.75476201 0 P 24 ;0
L 5.05905502 0.75476201 5.07459203 0.7703 0 P 24 ;0
L 5.08070797 4.49901496 5.08070797 4.49967697 0 P 24 ;0
L 5.08070797 4.49967697 5.05788199 4.52250197 0 P 24 ;0
L 5.05788199 4.52250197 5.02146004 4.52250197 0 P 24 ;0
L 5.02146004 4.52250197 5.00623996 4.50728199 0 P 24 ;0
L 5.00623996 4.50728199 4.98621998 4.50728199 0 P 24 ;0
L 5.08070797 4.55216496 5.08070797 4.55126998 0 P 24 ;0
L 5.08070797 4.55126998 5.06426496 4.53482697 0 P 24 ;0
L 5.06426496 4.53482697 5.02767096 4.53482697 0 P 24 ;0
L 5.02767096 4.53482697 5.00521496 4.55728199 0 P 24 ;0
L 5.00521496 4.55728199 4.98621998 4.55728199 0 P 24 ;0
L 5.09448701 0.70190797 5.09448701 0.750425 0 P 24 ;0
L 5.09448701 0.750425 5.09445295 0.75045797 0 P 24 ;0
L 5.11112697 4.51286299 5.09727795 4.49901496 0 P 24 ;0
L 5.09727795 4.49901496 5.08070797 4.49901496 0 P 24 ;0
L 5.11123701 4.54103297 5.100106 4.55216496 0 P 24 ;0
L 5.100106 4.55216496 5.08070797 4.55216496 0 P 24 ;0
L 5.12401496 0.30118002 5.12401496 0.33058199 0 P 24 ;0
L 5.12401496 0.33058199 5.12775699 0.334325 0 P 24 ;0
L 5.12775699 0.334325 5.12775699 0.50041998 0 P 24 ;0
L 5.12775699 0.50041998 5.07067096 0.557506 0 P 24 ;0
L 5.07067096 0.557506 5.07067096 0.58421998 0 P 24 ;0
L 5.07067096 0.58421998 5.05905502 0.59583602 0 P 24 ;0
L 5.05905502 0.59583602 5.05905502 0.629075 0 P 24 ;0
L 5.12401496 4.27165295 5.12598297 4.27165295 0 P 24 ;0
L 5.12598297 4.27165295 5.15148504 4.24615098 0 P 24 ;0
L 5.15148504 4.24615098 5.15148504 4.23779203 0 P 24 ;0
L 5.15148504 4.23779203 5.11240098 4.19870699 0 P 24 ;0
L 5.11240098 4.19870699 5.11240098 4.14862096 0 P 24 ;0
L 5.12401496 4.33070797 5.14931703 4.33070797 0 P 24 ;0
L 5.14931703 4.33070797 5.15236496 4.33375502 0 P 24 ;0
L 5.15236496 4.33375502 5.15236496 4.37891998 0 P 24 ;0
L 5.15236496 4.37891998 5.16648504 4.39304104 0 P 24 ;0
L 5.16648504 4.39304104 5.26614596 4.39304104 0 P 24 ;0
L 5.26614596 4.39304104 5.27111299 4.39800699 0 P 24 ;0
L 5.27111299 4.39800699 5.27111299 4.42631496 0 P 24 ;0
L 5.27111299 4.42631496 5.26347598 4.43395 0 P 24 ;0
L 5.26347598 4.43395 5.19278002 4.43395 0 P 24 ;0
L 5.19278002 4.43395 5.17459498 4.45213504 0 P 24 ;0
L 5.17459498 4.45213504 5.17459498 4.58689301 0 P 24 ;0
L 5.17459498 4.58689301 5.16561496 4.595875 0 P 24 ;0
L 5.16561496 4.595875 5.15668297 4.595875 0 P 24 ;0
L 5.15668297 4.595875 5.15205797 4.59125 0 P 24 ;0
L 5.15205797 4.59125 5.14188199 4.59125 0 P 24 ;0
L 5.14188199 4.59125 5.13556102 4.59756998 0 P 24 ;0
L 5.13556102 4.59756998 5.13556102 4.60551004 0 P 24 ;0
L 5.13556102 4.60551004 5.14111102 4.61106004 0 P 24 ;0
L 5.14111102 4.61106004 5.14111102 4.62037697 0 P 24 ;0
L 5.14111102 4.62037697 5.135306 4.62618199 0 P 24 ;0
L 5.135306 4.62618199 5.04918504 4.62618199 0 P 24 ;0
L 5.04918504 4.62618199 5.03028504 4.60728199 0 P 24 ;0
L 5.03028504 4.60728199 4.98621998 4.60728199 0 P 24 ;0
L 5.12401496 4.33070797 5.12401496 4.27165295 0 P 24 ;0
L 5.1437 0.30118002 5.1437 0.33076299 0 P 24 ;0
L 5.1437 0.33076299 5.13995699 0.33450502 0 P 24 ;0
L 5.13995699 0.33450502 5.13995699 0.50547303 0 P 24 ;0
L 5.13995699 0.50547303 5.08287096 0.56256004 0 P 24 ;0
L 5.08287096 0.56256004 5.08287096 0.58421998 0 P 24 ;0
L 5.08287096 0.58421998 5.09448701 0.59583602 0 P 24 ;0
L 5.09448701 0.59583602 5.09448701 0.629075 0 P 24 ;0
L 5.15255797 3.68700699 5.15255797 3.71729705 0 P 24 ;0
L 5.15255797 3.71729705 5.11240098 3.75745502 0 P 24 ;0
L 5.11240098 3.75745502 5.11240098 3.80413297 0 P 24 ;0
L 5.15255797 3.68700699 5.15314203 3.68700699 0 P 24 ;0
L 5.15314203 3.68700699 5.165431 3.67471801 0 P 24 ;0
L 5.165431 3.67471801 5.165431 3.65515 0 P 24 ;0
L 5.165431 3.65515 5.26181604 3.55876496 0 P 24 ;0
L 5.26181604 3.55876496 5.26181604 3.54134498 0 P 24 ;0
L 5.26181604 3.54134498 5.22834498 3.50787303 0 P 24 ;0
L 5.15748002 0.70190797 5.15748002 0.75256299 0 P 24 ;0
L 5.15748002 0.75256299 5.17553799 0.77062205 0 P 24 ;0
L 5.18306998 0.30118002 5.18306998 0.33136604 0 P 24 ;0
L 5.18306998 0.33136604 5.18681201 0.33510797 0 P 24 ;0
L 5.18681201 0.33510797 5.18681201 0.53081703 0 P 24 ;0
L 5.18681201 0.53081703 5.16909596 0.54853504 0 P 24 ;0
L 5.16909596 0.54853504 5.16909596 0.58421998 0 P 24 ;0
L 5.16909596 0.58421998 5.15748002 0.59583602 0 P 24 ;0
L 5.15748002 0.59583602 5.15748002 0.629075 0 P 24 ;0
L 5.18996004 3.68700699 5.18996004 3.726275 0 P 24 ;0
L 5.18996004 3.726275 5.21240098 3.74871496 0 P 24 ;0
L 5.21240098 3.74871496 5.21240098 3.80413297 0 P 24 ;0
L 5.18996004 3.68700699 5.18928002 3.68700699 0 P 24 ;0
L 5.18928002 3.68700699 5.177631 3.67535797 0 P 24 ;0
L 5.177631 3.67535797 5.177631 3.66020295 0 P 24 ;0
L 5.177631 3.66020295 5.27401604 3.56381801 0 P 24 ;0
L 5.27401604 3.56381801 5.27401604 3.54094301 0 P 24 ;0
L 5.27401604 3.54094301 5.30708602 3.50787303 0 P 24 ;0
L 5.19291201 0.70190797 5.19291201 0.74805098 0 P 24 ;0
L 5.19291201 0.74805098 5.19234301 0.74861998 0 P 24 ;0
L 5.19291201 4.27165295 5.19053297 4.27165295 0 P 24 ;0
L 5.19053297 4.27165295 5.16426801 4.24538701 0 P 24 ;0
L 5.16426801 4.24538701 5.16426801 4.23909498 0 P 24 ;0
L 5.16426801 4.23909498 5.21240098 4.19096102 0 P 24 ;0
L 5.21240098 4.19096102 5.21240098 4.14862096 0 P 24 ;0
L 5.19291201 4.33070797 5.16761004 4.33070797 0 P 24 ;0
L 5.16761004 4.33070797 5.16456496 4.33375502 0 P 24 ;0
L 5.16456496 4.33375502 5.16456496 4.37386703 0 P 24 ;0
L 5.16456496 4.37386703 5.17153799 4.38084104 0 P 24 ;0
L 5.17153799 4.38084104 5.27119902 4.38084104 0 P 24 ;0
L 5.27119902 4.38084104 5.28331299 4.39295502 0 P 24 ;0
L 5.28331299 4.39295502 5.28331299 4.43136703 0 P 24 ;0
L 5.28331299 4.43136703 5.26853002 4.44615 0 P 24 ;0
L 5.26853002 4.44615 5.19783297 4.44615 0 P 24 ;0
L 5.19783297 4.44615 5.18679498 4.45718799 0 P 24 ;0
L 5.18679498 4.45718799 5.18679498 4.59194705 0 P 24 ;0
L 5.18679498 4.59194705 5.14036004 4.63838199 0 P 24 ;0
L 5.14036004 4.63838199 5.04918504 4.63838199 0 P 24 ;0
L 5.04918504 4.63838199 5.03028504 4.65728199 0 P 24 ;0
L 5.03028504 4.65728199 4.98621998 4.65728199 0 P 24 ;0
L 5.19291201 4.33070797 5.19291201 4.27165295 0 P 24 ;0
L 5.20275502 0.30118002 5.20275502 0.33155797 0 P 24 ;0
L 5.20275502 0.33155797 5.19901201 0.33530098 0 P 24 ;0
L 5.19901201 0.33530098 5.19901201 0.53586998 0 P 24 ;0
L 5.19901201 0.53586998 5.18129596 0.55358701 0 P 24 ;0
L 5.18129596 0.55358701 5.18129596 0.58421998 0 P 24 ;0
L 5.18129596 0.58421998 5.19291201 0.59583602 0 P 24 ;0
L 5.19291201 0.59583602 5.19291201 0.629075 0 P 24 ;0
L 5.242125 0.30118002 5.242125 0.33103297 0 P 24 ;0
L 5.242125 0.33103297 5.24586801 0.334775 0 P 24 ;0
L 5.24586801 0.334775 5.24586801 0.53511604 0 P 24 ;0
L 5.24586801 0.53511604 5.26555295 0.55480098 0 P 24 ;0
L 5.26555295 0.55480098 5.26555295 0.58421998 0 P 24 ;0
L 5.26555295 0.58421998 5.25393602 0.59583602 0 P 24 ;0
L 5.25393602 0.59583602 5.25393602 0.629075 0 P 24 ;0
L 5.25393602 0.70190797 5.25393602 0.75631703 0 P 24 ;0
L 5.25393602 0.75631703 5.268669 0.77105 0 P 24 ;0
L 5.26181004 0.30118002 5.26181004 0.33076004 0 P 24 ;0
L 5.26181004 0.33076004 5.25806801 0.33450197 0 P 24 ;0
L 5.25806801 0.33450197 5.25806801 0.53006299 0 P 24 ;0
L 5.25806801 0.53006299 5.27775295 0.54974803 0 P 24 ;0
L 5.27775295 0.54974803 5.27775295 0.58421998 0 P 24 ;0
L 5.27775295 0.58421998 5.28936998 0.59583602 0 P 24 ;0
L 5.28936998 0.59583602 5.28936998 0.629075 0 P 24 ;0
L 5.28936998 0.70190797 5.28936998 0.75013504 0 P 24 ;0
L 5.28936998 0.75013504 5.28911102 0.75039203 0 P 24 ;0
L 5.30118002 0.30118002 5.30118002 0.33165098 0 P 24 ;0
L 5.30118002 0.33165098 5.30434301 0.33481299 0 P 24 ;0
L 5.30434301 0.33481299 5.30434301 0.49893996 0 P 24 ;0
L 5.30434301 0.49893996 5.36201004 0.556606 0 P 24 ;0
L 5.36201004 0.556606 5.36201004 0.58421998 0 P 24 ;0
L 5.36201004 0.58421998 5.35039301 0.59583602 0 P 24 ;0
L 5.35039301 0.59583602 5.35039301 0.629075 0 P 24 ;0
L 5.32086496 0.30118002 5.32086496 0.33111299 0 P 24 ;0
L 5.32086496 0.33111299 5.31654301 0.33543504 0 P 24 ;0
L 5.31654301 0.33543504 5.31654301 0.49388602 0 P 24 ;0
L 5.31654301 0.49388602 5.37421004 0.55155295 0 P 24 ;0
L 5.37421004 0.55155295 5.37421004 0.58421998 0 P 24 ;0
L 5.37421004 0.58421998 5.38582598 0.59583602 0 P 24 ;0
L 5.38582598 0.59583602 5.38582598 0.629075 0 P 24 ;0
L 5.35039301 0.70190797 5.35039301 0.75276201 0 P 24 ;0
L 5.35039301 0.75276201 5.36615098 0.76851998 0 P 24 ;0
L 5.36615098 0.76851998 5.36615098 0.77132795 0 P 24 ;0
L 5.36240098 4.14862096 5.36240098 4.19073996 0 P 24 ;0
L 5.36240098 4.19073996 5.40711299 4.23545197 0 P 24 ;0
L 5.40711299 4.23545197 5.40711299 4.24658996 0 P 24 ;0
L 5.40711299 4.24658996 5.38205 4.27165295 0 P 24 ;0
L 5.38205 4.27165295 5.37991998 4.27165295 0 P 24 ;0
L 5.37991998 4.33070797 5.40522303 4.33070797 0 P 24 ;0
L 5.40522303 4.33070797 5.40826998 4.33375502 0 P 24 ;0
L 5.40826998 4.33375502 5.40826998 4.44493002 0 P 24 ;0
L 5.40826998 4.44493002 5.12701604 4.72618199 0 P 24 ;0
L 5.12701604 4.72618199 5.10644301 4.72618199 0 P 24 ;0
L 5.10644301 4.72618199 5.10088701 4.72062697 0 P 24 ;0
L 5.10088701 4.72062697 5.10088701 4.71599596 0 P 24 ;0
L 5.10088701 4.71599596 5.09465 4.70976004 0 P 24 ;0
L 5.09465 4.70976004 5.08223996 4.70976004 0 P 24 ;0
L 5.08223996 4.70976004 5.07713799 4.71486004 0 P 24 ;0
L 5.07713799 4.71486004 5.07713799 4.72097303 0 P 24 ;0
L 5.07713799 4.72097303 5.07193002 4.72618199 0 P 24 ;0
L 5.07193002 4.72618199 5.04918504 4.72618199 0 P 24 ;0
L 5.04918504 4.72618199 5.03028504 4.70728199 0 P 24 ;0
L 5.03028504 4.70728199 4.98621998 4.70728199 0 P 24 ;0
L 5.37991998 4.33070797 5.37991998 4.27165295 0 P 24 ;0
L 5.38582598 0.70190797 5.38582598 0.74394498 0 P 24 ;0
L 5.38582598 0.74394498 5.38519498 0.74457697 0 P 24 ;0
L 5.39271604 3.68700699 5.39294301 3.68700699 0 P 24 ;0
L 5.39294301 3.68700699 5.40565 3.6743 0 P 24 ;0
L 5.40565 3.6743 5.40565 3.65335197 0 P 24 ;0
L 5.40565 3.65335197 5.43626801 3.62273504 0 P 24 ;0
L 5.43626801 3.62273504 5.43626801 3.61011801 0 P 24 ;0
L 5.43626801 3.61011801 5.43130502 3.60515502 0 P 24 ;0
L 5.43130502 3.60515502 5.41616496 3.60515502 0 P 24 ;0
L 5.41616496 3.60515502 5.40286102 3.59185 0 P 24 ;0
L 5.40286102 3.59185 5.40286102 3.574625 0 P 24 ;0
L 5.40286102 3.574625 5.41946703 3.55801703 0 P 24 ;0
L 5.41946703 3.55801703 5.41946703 3.54741998 0 P 24 ;0
L 5.41946703 3.54741998 5.38582598 3.51378002 0 P 24 ;0
L 5.38582598 3.51378002 5.38582598 3.50787303 0 P 24 ;0
L 5.39271604 3.68700699 5.39271604 3.72269596 0 P 24 ;0
L 5.39271604 3.72269596 5.36240098 3.75301102 0 P 24 ;0
L 5.36240098 3.75301102 5.36240098 3.80413297 0 P 24 ;0
L 5.43011703 3.68700699 5.42972205 3.68700699 0 P 24 ;0
L 5.42972205 3.68700699 5.41785 3.67513504 0 P 24 ;0
L 5.41785 3.67513504 5.41785 3.658406 0 P 24 ;0
L 5.41785 3.658406 5.44846801 3.62778799 0 P 24 ;0
L 5.44846801 3.62778799 5.44846801 3.60506496 0 P 24 ;0
L 5.44846801 3.60506496 5.43635699 3.59295502 0 P 24 ;0
L 5.43635699 3.59295502 5.42121998 3.59295502 0 P 24 ;0
L 5.42121998 3.59295502 5.41506102 3.58679596 0 P 24 ;0
L 5.41506102 3.58679596 5.41506102 3.57967697 0 P 24 ;0
L 5.41506102 3.57967697 5.43166703 3.56307096 0 P 24 ;0
L 5.43166703 3.56307096 5.43166703 3.54667697 0 P 24 ;0
L 5.43166703 3.54667697 5.46456604 3.51378002 0 P 24 ;0
L 5.46456604 3.51378002 5.46456604 3.50787303 0 P 24 ;0
L 5.43011703 3.68700699 5.43011703 3.72133701 0 P 24 ;0
L 5.43011703 3.72133701 5.46240098 3.75361998 0 P 24 ;0
L 5.46240098 3.75361998 5.46240098 3.80413297 0 P 24 ;0
L 5.44881801 4.33070797 5.42351496 4.33070797 0 P 24 ;0
L 5.42351496 4.33070797 5.42046998 4.33375502 0 P 24 ;0
L 5.42046998 4.33375502 5.42046998 4.44998297 0 P 24 ;0
L 5.42046998 4.44998297 5.13206998 4.73838199 0 P 24 ;0
L 5.13206998 4.73838199 5.04918504 4.73838199 0 P 24 ;0
L 5.04918504 4.73838199 5.03028504 4.75728199 0 P 24 ;0
L 5.03028504 4.75728199 4.98621998 4.75728199 0 P 24 ;0
L 5.44881801 4.33070797 5.44881801 4.27165295 0 P 24 ;0
L 5.46240098 4.14862096 5.46240098 4.19178504 0 P 24 ;0
L 5.46240098 4.19178504 5.42027205 4.23391201 0 P 24 ;0
L 5.42027205 4.23391201 5.42027205 4.24565197 0 P 24 ;0
L 5.42027205 4.24565197 5.44627205 4.27165295 0 P 24 ;0
L 5.44627205 4.27165295 5.44881801 4.27165295 0 P 24 ;0
