#
#Feature symbol names
#
$0 r2.4

#
#Layer features
#
L 0.00163583 0.00045167 0.05834744 0.1004313 0 P 0 
L 0.05834744 0.1004313 0.09200876 0.0813375 0 P 0 
L 0.09200876 0.0813375 0.09377726 0.05830955 0 P 0 
L 0.09377726 0.05830955 0.0843253 0.04164636 0 P 0 
L 0.0843253 0.04164636 0.06365285 0.03134774 0 P 0 
L 0.06365285 0.03134774 0.02999163 0.05044144 0 P 0 
L 0.04121211 0.04407687 0.04651762 -0.02500669 0 P 0 
L 0.10930246 0.02747854 0.15418415 0.00202018 0 P 0 
L 0.09039852 -0.00584793 0.13528032 -0.0313063 0 P 0 
L 0.15080551 -0.0621374 0.15257402 -0.08516526 0 P 0 
L 0.15257402 -0.08516526 0.17501476 -0.09789439 0 P 0 
L 0.17501476 -0.09789439 0.1956872 -0.08759577 0 P 0 
L 0.1956872 -0.08759577 0.23349488 -0.02094282 0 P 0 
L 0.23349488 -0.02094282 0.23172638 0.00208514 0 P 0 
L 0.23172638 0.00208514 0.20928563 0.01481427 0 P 0 
L 0.20928563 0.01481427 0.18861319 0.00451555 0 P 0 
L 0.18861319 0.00451555 0.15080551 -0.0621374 0 P 0 
L 0.15080551 -0.0621374 0.23349488 -0.02094282 0 P 0 
L 0.24398937 -0.12600669 0.24398937 -0.12600669 0 P 0 
L 0.38266457 -0.08353189 0.36022372 -0.07080266 0 P 0 
L 0.36022372 -0.07080266 0.31887894 -0.0914 0 P 0 
L 0.31887894 -0.0914 0.29052313 -0.14138976 0 P 0 
L 0.29052313 -0.14138976 0.29229163 -0.16441772 0 P 0 
L 0.29229163 -0.16441772 0.31473248 -0.17714685 0 P 0 
L 0.31473248 -0.17714685 0.33540492 -0.16684813 0 P 0 
L 0.33540492 -0.16684813 0.34485679 -0.15018494 0 P 0 
L 0.34485679 -0.15018494 0.34308829 -0.12715709 0 P 0 
L 0.34308829 -0.12715709 0.30942697 -0.10806339 0 P 0 
L 0.38459134 -0.21677303 0.38105443 -0.17071732 0 P 0 
L 0.38105443 -0.17071732 0.39995827 -0.13739085 0 P 0 
L 0.39995827 -0.13739085 0.44130295 -0.1167935 0 P 0 
L 0.4544501 -0.25639921 0.51116181 -0.15641969 0 P 0 
L 0.51116181 -0.15641969 0.43969272 -0.20397894 0 P 0 
L 0.43969272 -0.20397894 0.48457451 -0.2294373 0 P 0 
L 0.52845551 -0.21027864 0.53552943 -0.30239006 0 P 0 
L 0.49064774 -0.27693169 0.5733372 -0.23573701 0 P 0 
L 0.57172707 -0.32292244 0.61307165 -0.3023251 0 P 0 
L 0.61307165 -0.3023251 0.63197559 -0.26899862 0 P 0 
L 0.63197559 -0.26899862 0.62843868 -0.22294291 0 P 0 
