#
#Feature symbol names
#
$0 r39.37

#
#Layer features
#
L 0.07124961 0.06997234 0.08807982 0.0585562 0 P 0 
L 0.08807982 0.0585562 0.08637185 0.0439622 0 P 0 
L 0.08637185 0.0439622 0.05709961 0.00080768 0 P 0 
L 0.05709961 0.00080768 0.04417136 -0.00617559 0 P 0 
L 0.04417136 -0.00617559 0.02734114 0.00524055 0 P 0 
L 0.03295118 0.00143514 0.07685974 0.06616703 0 P 0 
L 0.12308012 0.00330994 0.14552047 -0.01191161 0 P 0 
L 0.108444 -0.01826732 0.13088425 -0.03348898 0 P 0 
L 0.16759252 -0.07414124 0.16588455 -0.08873524 0 P 0 
L 0.16588455 -0.08873524 0.17710472 -0.09634606 0 P 0 
L 0.17710472 -0.09634606 0.19003287 -0.0893628 0 P 0 
L 0.19003287 -0.0893628 0.21930522 -0.04620827 0 P 0 
L 0.21930522 -0.04620827 0.22101319 -0.03161417 0 P 0 
L 0.22101319 -0.03161417 0.20979301 -0.02400344 0 P 0 
L 0.20979301 -0.02400344 0.19686486 -0.03098661 0 P 0 
L 0.19686486 -0.03098661 0.16759252 -0.07414124 0 P 0 
L 0.16759252 -0.07414124 0.21930522 -0.04620827 0 P 0 
L 0.24442539 -0.13413415 0.24442539 -0.13413415 0 P 0 
L 0.35955659 -0.12559006 0.33711624 -0.1103685 0 P 0 
L 0.33711624 -0.1103685 0.32248012 -0.13194567 0 P 0 
L 0.32248012 -0.13194567 0.33931033 -0.14336191 0 P 0 
L 0.33931033 -0.14336191 0.33760226 -0.157956 0 P 0 
L 0.33760226 -0.157956 0.32296614 -0.17953317 0 P 0 
L 0.32296614 -0.17953317 0.31003799 -0.18651654 0 P 0 
L 0.31003799 -0.18651654 0.29881782 -0.17890571 0 P 0 
L 0.29881782 -0.17890571 0.30052589 -0.16431161 0 P 0 
L 0.37650463 -0.23160167 0.37992067 -0.20241358 0 P 0 
L 0.37992067 -0.20241358 0.39455689 -0.18083632 0 P 0 
L 0.39455689 -0.18083632 0.42041309 -0.16686988 0 P 0 
L 0.47004951 -0.20053888 0.49248986 -0.21576053 0 P 0 
L 0.49248986 -0.21576053 0.47785374 -0.2373377 0 P 0 
L 0.47785374 -0.2373377 0.46492549 -0.24432106 0 P 0 
L 0.46492549 -0.24432106 0.45931545 -0.24051565 0 P 0 
L 0.46492549 -0.24432106 0.46321752 -0.25891506 0 P 0 
L 0.46321752 -0.25891506 0.45589951 -0.26970364 0 P 0 
L 0.45589951 -0.26970364 0.44297126 -0.27668691 0 P 0 
L 0.44297126 -0.27668691 0.43175118 -0.26907618 0 P 0 
L 0.43175118 -0.26907618 0.43345915 -0.25448209 0 P 0 
L 0.52188012 -0.26720138 0.51504803 -0.32557756 0 P 0 
L 0.49260768 -0.310356 0.54432037 -0.28242293 0 P 0 
L 0.56468445 -0.35924656 0.59054075 -0.34528002 0 P 0 
L 0.59054075 -0.34528002 0.60517697 -0.32370276 0 P 0 
L 0.60517697 -0.32370276 0.60859291 -0.29451476 0 P 0 
L 0.62554104 -0.40052638 0.66944951 -0.33579459 0 P 0 
L 0.66944951 -0.33579459 0.6479813 -0.41574793 0 P 0 
L 0.6479813 -0.41574793 0.69188976 -0.35101614 0 P 0 
L 0.69200768 -0.44561161 0.73591614 -0.38087982 0 P 0 
L 0.73591614 -0.38087982 0.75274636 -0.39229596 0 P 0 
L 0.75274636 -0.39229596 0.75103839 -0.40688996 0 P 0 
L 0.75103839 -0.40688996 0.74372037 -0.41767854 0 P 0 
L 0.74372037 -0.41767854 0.73079213 -0.42466191 0 P 0 
L 0.73079213 -0.42466191 0.71396191 -0.41324567 0 P 0 
L 0.80238278 -0.42596506 0.82482313 -0.44118661 0 P 0 
L 0.81360295 -0.43357579 0.76969449 -0.49830768 0 P 0 
L 0.86884941 -0.4710502 0.82494094 -0.53578209 0 P 0 
L 0.89128976 -0.48627175 0.8473813 -0.55100364 0 P 0 
L 0.84689518 -0.50341614 0.86933553 -0.5186377 0 P 0 
