#
#Feature symbol names
#
$0 r2.4

#
#Layer features
#
L 0.00164006 0.00043632 0.05928947 0.09987805 0 P 0 
L 0.05928947 0.09987805 0.09276959 0.0804686 0 P 0 
L 0.09276959 0.0804686 0.09432146 0.0574251 0 P 0 
L 0.09432146 0.0574251 0.08471329 0.04085148 0 P 0 
L 0.08471329 0.04085148 0.06394488 0.03074764 0 P 0 
L 0.06394488 0.03074764 0.03046467 0.05015719 0 P 0 
L 0.0416248 0.0436873 0.04628032 -0.02544301 0 P 0 
L 0.109556 0.02644941 0.15419636 0.00056998 0 P 0 
L 0.09033957 -0.00669783 0.13497992 -0.03257726 0 P 0 
L 0.15021447 -0.06355295 0.15176624 -0.08659646 0 P 0 
L 0.15176624 -0.08659646 0.17408632 -0.09953612 0 P 0 
L 0.17408632 -0.09953612 0.19485472 -0.08943228 0 P 0 
L 0.19485472 -0.08943228 0.2332876 -0.0231378 0 P 0 
L 0.2332876 -0.0231378 0.23173583 -0.00009429 0 P 0 
L 0.23173583 -0.00009429 0.20941575 0.01284528 0 P 0 
L 0.20941575 0.01284528 0.18864734 0.00274154 0 P 0 
L 0.18864734 0.00274154 0.15021447 -0.06355295 0 P 0 
L 0.15021447 -0.06355295 0.2332876 -0.0231378 0 P 0 
L 0.2427935 -0.12829587 0.2427935 -0.12829587 0 P 0 
L 0.38186201 -0.08712707 0.35954193 -0.0741874 0 P 0 
L 0.35954193 -0.0741874 0.31800522 -0.09439498 0 P 0 
L 0.31800522 -0.09439498 0.28918061 -0.14411585 0 P 0 
L 0.28918061 -0.14411585 0.29073248 -0.16715935 0 P 0 
L 0.29073248 -0.16715935 0.31305256 -0.18009902 0 P 0 
L 0.31305256 -0.18009902 0.33382087 -0.16999518 0 P 0 
L 0.33382087 -0.16999518 0.34342913 -0.15342156 0 P 0 
L 0.34342913 -0.15342156 0.34187717 -0.13037815 0 P 0 
L 0.34187717 -0.13037815 0.30839695 -0.1109686 0 P 0 
L 0.38253563 -0.22038041 0.37943199 -0.1742935 0 P 0 
L 0.37943199 -0.1742935 0.39864843 -0.14114626 0 P 0 
L 0.39864843 -0.14114626 0.44018504 -0.12093868 0 P 0 
L 0.4520187 -0.26066191 0.50966811 -0.16122008 0 P 0 
L 0.50966811 -0.16122008 0.43775492 -0.20810512 0 P 0 
L 0.43775492 -0.20810512 0.48239528 -0.23398445 0 P 0 
L 0.52645453 -0.21523927 0.53266191 -0.30741319 0 P 0 
L 0.48802156 -0.28153386 0.57109478 -0.2411187 0 P 0 
L 0.56866476 -0.32828514 0.61020128 -0.30807756 0 P 0 
L 0.61020128 -0.30807756 0.62941772 -0.27493022 0 P 0 
L 0.62941772 -0.27493022 0.62631417 -0.22884341 0 P 0 
