#
#Feature symbol names
#
$0 r19.685
$1 r39.37
$2 ronghe_copper_style_right

#
#Layer features
#
P 0.00006772 -0.00001811 2 P 0 0
S N 0
OB -0.168037204724 -0.472911909449 I
OS -0.168017519685 0.474209547244
OC -0.101553641732 0.542058661417 -0.098357677165 0.472449901575 Y
OS 0.102388287402 0.542019586614
OC 0.168177952756 0.472232185039 0.098493011811 0.472443208661 Y
OS 0.168171161417 -0.473201771654
OC 0.100625098425 -0.54209488189 0.098491535433 -0.472443799213 Y
OS -0.100979625984 -0.542076574803
OC -0.168035728346 -0.473201771654 -0.098356889764 -0.472442913386 Y
OC -0.168037204724 -0.472911909449 -0.143037204724 -0.472929527559 Y
OE
SE
L 0.08870295 0.20916555 0.08870295 -0.30264547 1 P 0 
L 0.08870295 -0.34201693 0.08870295 -0.47255748 1 P 0 
L 0.08870295 0.47252126 0.08870295 0.16979665 1 P 0 
L 0.08870295 0.1304252 0.08870295 -0.38138583 1 P 0 
L 0.08870295 0.44538661 0.08870295 -0.06642441 1 P 0 
L 0.08870295 0.47252126 0.08870295 0.01231594 1 P 0 
L 0.08870295 -0.42075728 0.08870295 -0.47255748 1 P 0 
L 0.08870295 0.28790591 0.08870295 -0.22390512 1 P 0 
L 0.08870295 0.47252126 0.08870295 0.0910563 1 P 0 
L 0.08870295 0.36664626 0.08870295 -0.14516476 1 P 0 
L 0.08870295 0.47252126 0.08870295 0.40601772 1 P 0 
L 0.08870295 -0.26327657 0.08870295 -0.47255748 1 P 0 
L 0.08870295 -0.02705551 0.08870295 -0.47255748 1 P 0 
L 0.08870295 -0.10579587 0.08870295 -0.47255748 1 P 0 
L 0.08870295 0.47252126 0.08870295 0.24853701 1 P 0 
L 0.08870295 0.47252126 0.08870295 0.32727736 1 P 0 
L 0.08870295 0.05168484 0.08870295 -0.46012618 1 P 0 
L 0.08870295 -0.18453622 0.08870295 -0.47255748 1 P 0 
L 0.0099626 0.05168484 0.0099626 -0.46012618 1 P 0 
L 0.0099626 0.1304252 0.0099626 -0.38138583 1 P 0 
L 0.0099626 0.20916555 0.0099626 -0.30264547 1 P 0 
L 0.0099626 0.47252126 0.0099626 0.24853701 1 P 0 
L 0.0099626 -0.34201693 0.0099626 -0.47255748 1 P 0 
L 0.0099626 0.47252126 0.0099626 0.16979665 1 P 0 
L 0.0099626 -0.10579587 0.0099626 -0.47255748 1 P 0 
L 0.0099626 0.28790591 0.0099626 -0.22390512 1 P 0 
L 0.0099626 0.47252126 0.0099626 0.40601772 1 P 0 
L 0.0099626 -0.18453622 0.0099626 -0.47255748 1 P 0 
L 0.0099626 0.36664626 0.0099626 -0.14516476 1 P 0 
L 0.0099626 -0.26327657 0.0099626 -0.47255748 1 P 0 
L 0.0099626 0.44538661 0.0099626 -0.06642441 1 P 0 
L 0.0099626 0.47252126 0.0099626 0.0910563 1 P 0 
L 0.0099626 0.47252126 0.0099626 0.32727736 1 P 0 
L 0.0099626 -0.42075728 0.0099626 -0.47255748 1 P 0 
L 0.0099626 -0.02705551 0.0099626 -0.47255748 1 P 0 
L 0.0099626 0.47252126 0.0099626 0.01231594 1 P 0 
L -0.06877776 0.47252126 -0.06877776 0.40601772 1 P 0 
L -0.06877776 0.47252126 -0.06877776 0.32727736 1 P 0 
L -0.06877776 -0.42075728 -0.06877776 -0.47255748 1 P 0 
L -0.06877776 -0.34201693 -0.06877776 -0.47255748 1 P 0 
L -0.06877776 -0.18453622 -0.06877776 -0.47255748 1 P 0 
L -0.06877776 -0.26327657 -0.06877776 -0.47255748 1 P 0 
L -0.06877776 0.05168484 -0.06877776 -0.46012618 1 P 0 
L -0.06877776 -0.10579587 -0.06877776 -0.47255748 1 P 0 
L -0.06877776 0.28790591 -0.06877776 -0.22390512 1 P 0 
L -0.06877776 0.47252126 -0.06877776 0.0910563 1 P 0 
L -0.06877776 0.36664626 -0.06877776 -0.14516476 1 P 0 
L -0.06877776 0.47252126 -0.06877776 0.16979665 1 P 0 
L -0.06877776 -0.02705551 -0.06877776 -0.47255748 1 P 0 
L -0.06877776 0.47252126 -0.06877776 0.01231594 1 P 0 
L -0.06877776 0.47252126 -0.06877776 0.24853701 1 P 0 
L -0.06877776 0.44538661 -0.06877776 -0.06642441 1 P 0 
L -0.06877776 0.1304252 -0.06877776 -0.38138583 1 P 0 
L -0.06877776 0.20916555 -0.06877776 -0.30264547 1 P 0 
L -0.09845591 0.42570217 0.09859134 0.42570217 1 P 0 
L -0.09845591 0.42570217 -0.04909331 0.42570217 1 P 0 
L -0.09845591 0.42570217 0.09859134 0.42570217 1 P 0 
L -0.09845591 0.42570217 0.02964705 0.42570217 1 P 0 
L -0.09845591 0.42570217 0.09859134 0.42570217 1 P 0 
L -0.0884622 0.42570217 0.09859134 0.42570217 1 P 0 
L -0.09845591 0.42570217 0.09859134 0.42570217 1 P 0 
L -0.00972185 0.42570217 0.09859134 0.42570217 1 P 0 
L 0.0690185 0.42570217 0.09859134 0.42570217 1 P 0 
L -0.09845591 0.34696181 0.09859134 0.34696181 1 P 0 
L -0.0884622 0.34696181 0.09859134 0.34696181 1 P 0 
L -0.09845591 0.34696181 0.02964705 0.34696181 1 P 0 
L 0.0690185 0.34696181 0.09859134 0.34696181 1 P 0 
L -0.09845591 0.34696181 0.09859134 0.34696181 1 P 0 
L -0.00972185 0.34696181 0.09859134 0.34696181 1 P 0 
L -0.09845591 0.34696181 0.09859134 0.34696181 1 P 0 
L -0.09845591 0.34696181 -0.04909331 0.34696181 1 P 0 
L -0.09845591 0.34696181 0.09859134 0.34696181 1 P 0 
L -0.09845591 0.26822146 0.09859134 0.26822146 1 P 0 
L -0.09845591 0.26822146 -0.04909331 0.26822146 1 P 0 
L -0.0884622 0.26822146 0.09859134 0.26822146 1 P 0 
L -0.09845591 0.26822146 0.02964705 0.26822146 1 P 0 
L -0.09845591 0.26822146 0.09859134 0.26822146 1 P 0 
L 0.0690185 0.26822146 0.09859134 0.26822146 1 P 0 
L -0.00972185 0.26822146 0.09859134 0.26822146 1 P 0 
L -0.09845591 0.26822146 0.09859134 0.26822146 1 P 0 
L -0.09845591 0.26822146 0.09859134 0.26822146 1 P 0 
L -0.09845591 0.1894811 0.09859134 0.1894811 1 P 0 
L -0.09845591 0.1894811 0.09859134 0.1894811 1 P 0 
L -0.09845591 0.1894811 0.09859134 0.1894811 1 P 0 
L -0.09845591 0.1894811 0.09859134 0.1894811 1 P 0 
L -0.09845591 0.1894811 -0.04909331 0.1894811 1 P 0 
L -0.00972185 0.1894811 0.09859134 0.1894811 1 P 0 
L -0.09845591 0.1894811 0.02964705 0.1894811 1 P 0 
L 0.0690185 0.1894811 0.09859134 0.1894811 1 P 0 
L -0.0884622 0.1894811 0.09859134 0.1894811 1 P 0 
L -0.0884622 0.11074075 0.09859134 0.11074075 1 P 0 
L -0.09845591 0.11074075 -0.04909331 0.11074075 1 P 0 
L 0.0690185 0.11074075 0.09859134 0.11074075 1 P 0 
L -0.09845591 0.11074075 0.09859134 0.11074075 1 P 0 
L -0.09845591 0.11074075 0.09859134 0.11074075 1 P 0 
L -0.00972185 0.11074075 0.09859134 0.11074075 1 P 0 
L -0.09845591 0.11074075 0.02964705 0.11074075 1 P 0 
L -0.09845591 0.11074075 0.09859134 0.11074075 1 P 0 
L -0.09845591 0.11074075 0.09859134 0.11074075 1 P 0 
L -0.09845591 0.03200039 0.09859134 0.03200039 1 P 0 
L -0.09845591 0.03200039 0.09859134 0.03200039 1 P 0 
L -0.09845591 0.03200039 0.09859134 0.03200039 1 P 0 
L -0.0884622 0.03200039 0.09859134 0.03200039 1 P 0 
L -0.00972185 0.03200039 0.09859134 0.03200039 1 P 0 
L 0.0690185 0.03200039 0.09859134 0.03200039 1 P 0 
L -0.09845591 0.03200039 -0.04909331 0.03200039 1 P 0 
L -0.09845591 0.03200039 0.09859134 0.03200039 1 P 0 
L -0.09845591 0.03200039 0.02964705 0.03200039 1 P 0 
L -0.09845591 -0.04673996 0.09859134 -0.04673996 1 P 0 
L 0.0690185 -0.04673996 0.09859134 -0.04673996 1 P 0 
L -0.00972185 -0.04673996 0.09859134 -0.04673996 1 P 0 
L -0.0884622 -0.04673996 0.09859134 -0.04673996 1 P 0 
L -0.09845591 -0.04673996 0.09859134 -0.04673996 1 P 0 
L -0.09845591 -0.04673996 0.09859134 -0.04673996 1 P 0 
L -0.09845591 -0.04673996 0.09859134 -0.04673996 1 P 0 
L -0.09845591 -0.04673996 0.02964705 -0.04673996 1 P 0 
L -0.09845591 -0.04673996 -0.04909331 -0.04673996 1 P 0 
L 0.0690185 -0.12548032 0.09859134 -0.12548032 1 P 0 
L -0.00972185 -0.12548032 0.09859134 -0.12548032 1 P 0 
L -0.0884622 -0.12548032 0.09859134 -0.12548032 1 P 0 
L -0.09845591 -0.12548032 0.09859134 -0.12548032 1 P 0 
L -0.09845591 -0.12548032 0.09859134 -0.12548032 1 P 0 
L -0.09845591 -0.12548032 0.09859134 -0.12548032 1 P 0 
L -0.09845591 -0.12548032 0.09859134 -0.12548032 1 P 0 
L -0.09845591 -0.12548032 0.02964705 -0.12548032 1 P 0 
L -0.09845591 -0.12548032 -0.04909331 -0.12548032 1 P 0 
L 0.0690185 -0.20422067 0.09859134 -0.20422067 1 P 0 
L -0.00972185 -0.20422067 0.09859134 -0.20422067 1 P 0 
L -0.0884622 -0.20422067 0.09859134 -0.20422067 1 P 0 
L -0.09845591 -0.20422067 0.09859134 -0.20422067 1 P 0 
L -0.09845591 -0.20422067 0.09859134 -0.20422067 1 P 0 
L -0.09845591 -0.20422067 0.09859134 -0.20422067 1 P 0 
L -0.09845591 -0.20422067 0.09859134 -0.20422067 1 P 0 
L -0.09845591 -0.20422067 0.02964705 -0.20422067 1 P 0 
L -0.09845591 -0.20422067 -0.04909331 -0.20422067 1 P 0 
L -0.09845591 -0.28296102 0.09859134 -0.28296102 1 P 0 
L 0.0690185 -0.28296102 0.09859134 -0.28296102 1 P 0 
L -0.00972185 -0.28296102 0.09859134 -0.28296102 1 P 0 
L -0.0884622 -0.28296102 0.09859134 -0.28296102 1 P 0 
L -0.09845591 -0.28296102 0.09859134 -0.28296102 1 P 0 
L -0.09845591 -0.28296102 0.09859134 -0.28296102 1 P 0 
L -0.09845591 -0.28296102 0.09859134 -0.28296102 1 P 0 
L -0.09845591 -0.28296102 0.02964705 -0.28296102 1 P 0 
L -0.09845591 -0.28296102 -0.04909331 -0.28296102 1 P 0 
L 0.0690185 -0.36170138 0.09859134 -0.36170138 1 P 0 
L -0.00972185 -0.36170138 0.09859134 -0.36170138 1 P 0 
L -0.0884622 -0.36170138 0.09859134 -0.36170138 1 P 0 
L -0.09845591 -0.36170138 0.09859134 -0.36170138 1 P 0 
L -0.09845591 -0.36170138 0.09859134 -0.36170138 1 P 0 
L -0.09845591 -0.36170138 0.09859134 -0.36170138 1 P 0 
L -0.09845591 -0.36170138 0.09859134 -0.36170138 1 P 0 
L -0.09845591 -0.36170138 0.02964705 -0.36170138 1 P 0 
L -0.09845591 -0.36170138 -0.04909331 -0.36170138 1 P 0 
L 0.0690185 -0.44044173 0.09859134 -0.44044173 1 P 0 
L -0.00972185 -0.44044173 0.09859134 -0.44044173 1 P 0 
L -0.0884622 -0.44044173 0.09859134 -0.44044173 1 P 0 
L -0.09845591 -0.44044173 0.09859134 -0.44044173 1 P 0 
L -0.09845591 -0.44044173 0.09859134 -0.44044173 1 P 0 
L -0.09845591 -0.44044173 0.09859134 -0.44044173 1 P 0 
L -0.09845591 -0.44044173 0.09859134 -0.44044173 1 P 0 
L -0.09845591 -0.44044173 0.02964705 -0.44044173 1 P 0 
L -0.09845591 -0.44044173 -0.04909331 -0.44044173 1 P 0 
L -0.09835748 -0.47245906 -0.09835748 0.47242283 1 P 0 
L -0.09835748 0.47242283 0.09849291 0.47242283 1 P 0 
L 0.09849291 0.47242283 0.09849291 -0.47245906 1 P 0 
L 0.09849291 -0.47245906 -0.09835748 -0.47245906 1 P 0 
L -0.05946309 0.4506499 0.07694449 0.4506499 0 P 0 
