#
#Feature symbol names
#
$0 r39.37

#
#Layer features
#
L 0.02690305 0.00715728 0.06613317 0.07482677 0 P 0 
L 0.06613317 0.07482677 0.08372717 0.06462697 0 P 0 
L 0.08372717 0.06462697 0.08305354 0.04994882 0 P 0 
L 0.08305354 0.04994882 0.07651516 0.03867057 0 P 0 
L 0.07651516 0.03867057 0.06411211 0.03079222 0 P 0 
L 0.06411211 0.03079222 0.04651811 0.04099203 0 P 0 
L 0.05238278 0.03759213 0.05036181 -0.00644242 0 P 0 
L 0.12253957 0.01198888 0.14599833 -0.00161083 0 P 0 
L 0.10946289 -0.01056762 0.13292156 -0.02416742 0 P 0 
L 0.17240758 -0.06212736 0.17173386 -0.07680561 0 P 0 
L 0.17173386 -0.07680561 0.18346329 -0.08360541 0 P 0 
L 0.18346329 -0.08360541 0.19586634 -0.07572707 0 P 0 
L 0.19586634 -0.07572707 0.22201969 -0.03061407 0 P 0 
L 0.22201969 -0.03061407 0.22269331 -0.01593593 0 P 0 
L 0.22269331 -0.01593593 0.21096398 -0.00913602 0 P 0 
L 0.21096398 -0.00913602 0.19856093 -0.01701437 0 P 0 
L 0.19856093 -0.01701437 0.17240758 -0.06212736 0 P 0 
L 0.17240758 -0.06212736 0.22201969 -0.03061407 0 P 0 
L 0.25328317 -0.11654774 0.25328317 -0.11654774 0 P 0 
L 0.36752421 -0.09989872 0.35579478 -0.09309882 0 P 0 
L 0.35579478 -0.09309882 0.33098878 -0.10885541 0 P 0 
L 0.33098878 -0.10885541 0.31137372 -0.14269026 0 P 0 
L 0.31137372 -0.14269026 0.3107001 -0.1573685 0 P 0 
L 0.3107001 -0.1573685 0.32242943 -0.16416831 0 P 0 
L 0.32242943 -0.16416831 0.33483248 -0.15628996 0 P 0 
L 0.33483248 -0.15628996 0.34137077 -0.14501171 0 P 0 
L 0.34137077 -0.14501171 0.34204449 -0.13033356 0 P 0 
L 0.34204449 -0.13033356 0.32445039 -0.12013376 0 P 0 
L 0.3919125 -0.2044498 0.39325984 -0.17509341 0 P 0 
L 0.39325984 -0.17509341 0.40633652 -0.15253681 0 P 0 
L 0.40633652 -0.15253681 0.43114252 -0.13678022 0 P 0 
L 0.46139557 -0.2447312 0.50062569 -0.17706171 0 P 0 
L 0.50062569 -0.17706171 0.45687825 -0.2119749 0 P 0 
L 0.45687825 -0.2119749 0.48033691 -0.22557461 0 P 0 
L 0.53943799 -0.2296998 0.53674331 -0.2884126 0 P 0 
L 0.51328465 -0.27481289 0.56289675 -0.24329951 0 P 0 
L 0.58863238 -0.31849429 0.61343839 -0.3027376 0 P 0 
L 0.61343839 -0.3027376 0.62651516 -0.280181 0 P 0 
L 0.62651516 -0.280181 0.6278624 -0.2508247 0 P 0 
