#
#Feature symbol names
#
$0 r2.4

#
#Layer features
#
L 0.05978907 0.09957982 0.09317165 0.08000276 0 P 0 
L 0.09317165 0.08000276 0.09460797 0.05695177 0 P 0 
L 0.09460797 0.05695177 0.0558435 -0.00914931 0 P 0 
L 0.0558435 -0.00914931 0.0350247 -0.01914892 0 P 0 
L 0.0350247 -0.01914892 0.00164222 0.00042805 0 P 0 
L 0.01276978 -0.00609764 0.07091663 0.09305413 0 P 0 
L 0.1096872 0.0259002 0.15419724 -0.00020256 0 P 0 
L 0.09030482 -0.00715039 0.13481496 -0.03325305 0 P 0 
L 0.14989409 -0.06430472 0.15133051 -0.08735571 0 P 0 
L 0.15133051 -0.08735571 0.17358553 -0.10040699 0 P 0 
L 0.17358553 -0.10040699 0.19440423 -0.09040738 0 P 0 
L 0.19440423 -0.09040738 0.2331688 -0.0243063 0 P 0 
L 0.2331688 -0.0243063 0.23173238 -0.00125532 0 P 0 
L 0.23173238 -0.00125532 0.20947746 0.01179596 0 P 0 
L 0.20947746 0.01179596 0.18865866 0.00179636 0 P 0 
L 0.18865866 0.00179636 0.14989409 -0.06430472 0 P 0 
L 0.14989409 -0.06430472 0.2331688 -0.0243063 0 P 0 
L 0.24214774 -0.12951063 0.24214774 -0.12951063 0 P 0 
L 0.38142077 -0.08903917 0.33691063 -0.06293642 0 P 0 
L 0.33691063 -0.06293642 0.31752835 -0.09598701 0 P 0 
L 0.31752835 -0.09598701 0.35091093 -0.11556398 0 P 0 
L 0.35091093 -0.11556398 0.35234724 -0.13861506 0 P 0 
L 0.35234724 -0.13861506 0.33296506 -0.17166545 0 P 0 
L 0.33296506 -0.17166545 0.31214626 -0.18166516 0 P 0 
L 0.31214626 -0.18166516 0.28989134 -0.16861388 0 P 0 
L 0.28989134 -0.16861388 0.28845492 -0.1455628 0 P 0 
L 0.38142667 -0.22229419 0.37855404 -0.17619232 0 P 0 
L 0.37855404 -0.17619232 0.39793632 -0.14314173 0 P 0 
L 0.39793632 -0.14314173 0.43957352 -0.12314252 0 P 0 
L 0.5199815 -0.17029724 0.49772648 -0.15724587 0 P 0 
L 0.49772648 -0.15724587 0.45608907 -0.17724518 0 P 0 
L 0.45608907 -0.17724518 0.42701565 -0.22682096 0 P 0 
L 0.42701565 -0.22682096 0.42845207 -0.24987195 0 P 0 
L 0.42845207 -0.24987195 0.45070709 -0.26292323 0 P 0 
L 0.45070709 -0.26292323 0.47152579 -0.25292362 0 P 0 
L 0.47152579 -0.25292362 0.48121693 -0.23639833 0 P 0 
L 0.48121693 -0.23639833 0.47978051 -0.21334744 0 P 0 
L 0.47978051 -0.21334744 0.44639793 -0.19377047 0 P 0 
L 0.52536949 -0.21787421 0.53111506 -0.31007795 0 P 0 
L 0.48660492 -0.2839753 0.56987963 -0.24397687 0 P 0 
L 0.56701289 -0.33113012 0.6086501 -0.31113081 0 P 0 
L 0.6086501 -0.31113081 0.62803248 -0.27808022 0 P 0 
L 0.62803248 -0.27808022 0.62515974 -0.23197835 0 P 0 
L 0.62516565 -0.36523346 0.6833126 -0.26608169 0 P 0 
L 0.6833126 -0.26608169 0.66967579 -0.39133612 0 P 0 
L 0.66967579 -0.39133612 0.72782274 -0.29218445 0 P 0 
L 0.69444606 -0.4058625 0.75259301 -0.30671083 0 P 0 
L 0.75259301 -0.30671083 0.78597549 -0.3262878 0 P 0 
L 0.78597549 -0.3262878 0.78741191 -0.34933878 0 P 0 
L 0.78741191 -0.34933878 0.77772077 -0.36586407 0 P 0 
L 0.77772077 -0.36586407 0.75690207 -0.37586368 0 P 0 
L 0.75690207 -0.37586368 0.72351949 -0.35628671 0 P 0 
L 0.82187343 -0.34733986 0.86638346 -0.37344252 0 P 0 
L 0.84412844 -0.36039124 0.7859815 -0.45954291 0 P 0 
L 0.89115374 -0.3879689 0.83300689 -0.48712057 0 P 0 
L 0.93566388 -0.41407156 0.87751693 -0.51322333 0 P 0 
L 0.86208032 -0.43754478 0.90659035 -0.46364744 0 P 0 
