#
#Feature symbol names
#
$0 r39.37

#
#Layer features
#
L 0.02683455 0.00740994 0.06542648 0.07544547 0 P 0 
L 0.06542648 0.07544547 0.08311565 0.06541161 0 P 0 
L 0.08311565 0.06541161 0.08258012 0.05072776 0 P 0 
L 0.08258012 0.05072776 0.07614813 0.03938848 0 P 0 
L 0.07614813 0.03938848 0.06381969 0.0313938 0 P 0 
L 0.06381969 0.0313938 0.04613051 0.04142766 0 P 0 
L 0.05202697 0.03808307 0.05042018 -0.0059685 0 P 0 
L 0.12242136 0.01314085 0.14600699 -0.0002377 0 P 0 
L 0.10955738 -0.0095377 0.13314301 -0.02291624 0 P 0 
L 0.17298425 -0.06050315 0.17244862 -0.07518711 0 P 0 
L 0.17244862 -0.07518711 0.18424144 -0.08187628 0 P 0 
L 0.18424144 -0.08187628 0.19656988 -0.07388159 0 P 0 
L 0.19656988 -0.07388159 0.22229774 -0.0285247 0 P 0 
L 0.22229774 -0.0285247 0.22283337 -0.01384085 0 P 0 
L 0.22283337 -0.01384085 0.21104055 -0.00715157 0 P 0 
L 0.21104055 -0.00715157 0.1987122 -0.01514616 0 P 0 
L 0.1987122 -0.01514616 0.17298425 -0.06050315 0 P 0 
L 0.17298425 -0.06050315 0.22229774 -0.0285247 0 P 0 
L 0.25436811 -0.11416053 0.25436811 -0.11416053 0 P 0 
L 0.36844744 -0.0964378 0.35665463 -0.08974862 0 P 0 
L 0.35665463 -0.08974862 0.33199793 -0.1057378 0 P 0 
L 0.33199793 -0.1057378 0.31270197 -0.13975551 0 P 0 
L 0.31270197 -0.13975551 0.31216634 -0.15443947 0 P 0 
L 0.31216634 -0.15443947 0.32395915 -0.16112874 0 P 0 
L 0.32395915 -0.16112874 0.3362875 -0.15313406 0 P 0 
L 0.3362875 -0.15313406 0.34271949 -0.14179478 0 P 0 
L 0.34271949 -0.14179478 0.34325512 -0.12711093 0 P 0 
L 0.34325512 -0.12711093 0.32556585 -0.11707707 0 P 0 
L 0.39381791 -0.20075492 0.39488917 -0.17138711 0 P 0 
L 0.39488917 -0.17138711 0.40775315 -0.14870856 0 P 0 
L 0.40775315 -0.14870856 0.43240984 -0.13271939 0 P 0 
L 0.46367677 -0.2403811 0.5022687 -0.17234557 0 P 0 
L 0.5022687 -0.17234557 0.45885157 -0.2076687 0 P 0 
L 0.45885157 -0.2076687 0.4824372 -0.22104724 0 P 0 
L 0.54157441 -0.22461634 0.53943199 -0.28335187 0 P 0 
L 0.51584646 -0.26997343 0.56516004 -0.23799488 0 P 0 
L 0.59160167 -0.31294419 0.61625846 -0.29695492 0 P 0 
L 0.61625846 -0.29695492 0.62912244 -0.27427648 0 P 0 
L 0.62912244 -0.27427648 0.6301936 -0.24490876 0 P 0 
