#
#Feature symbol names
#
$0 r39.37

#
#Layer features
#
L 0.06650719 0.07449449 0.0840499 0.06420669 0 P 0 
L 0.0840499 0.06420669 0.08330276 0.04953209 0 P 0 
L 0.08330276 0.04953209 0.05692372 0.00455069 0 P 0 
L 0.05692372 0.00455069 0.0444813 -0.00326545 0 P 0 
L 0.0444813 -0.00326545 0.02693858 0.00702234 0 P 0 
L 0.03278612 0.00359311 0.07235482 0.07106526 0 P 0 
L 0.12259813 0.0113748 0.14598839 -0.00234232 0 P 0 
L 0.10940856 -0.01111594 0.13279882 -0.02483297 0 P 0 
L 0.17209419 -0.06299035 0.17134695 -0.07766496 0 P 0 
L 0.17134695 -0.07766496 0.18304213 -0.08452352 0 P 0 
L 0.18304213 -0.08452352 0.19548445 -0.07670738 0 P 0 
L 0.19548445 -0.07670738 0.22186348 -0.03172598 0 P 0 
L 0.22186348 -0.03172598 0.22261073 -0.01705138 0 P 0 
L 0.22261073 -0.01705138 0.21091555 -0.01019291 0 P 0 
L 0.21091555 -0.01019291 0.19847323 -0.01800896 0 P 0 
L 0.19847323 -0.01800896 0.17209419 -0.06299035 0 P 0 
L 0.17209419 -0.06299035 0.22186348 -0.03172598 0 P 0 
L 0.25269616 -0.11781526 0.25269616 -0.11781526 0 P 0 
L 0.36701909 -0.10173878 0.34362874 -0.08802175 0 P 0 
L 0.34362874 -0.08802175 0.33043927 -0.1105124 0 P 0 
L 0.33043927 -0.1105124 0.34798199 -0.1208002 0 P 0 
L 0.34798199 -0.1208002 0.34723474 -0.1354749 0 P 0 
L 0.34723474 -0.1354749 0.33404528 -0.15796555 0 P 0 
L 0.33404528 -0.15796555 0.32160285 -0.16578169 0 P 0 
L 0.32160285 -0.16578169 0.30990768 -0.15892313 0 P 0 
L 0.30990768 -0.15892313 0.31065492 -0.14424843 0 P 0 
L 0.39088327 -0.20641073 0.39237766 -0.17706142 0 P 0 
L 0.39237766 -0.17706142 0.40556722 -0.15457067 0 P 0 
L 0.40556722 -0.15457067 0.43045187 -0.13893858 0 P 0 
L 0.50557982 -0.18299695 0.49388474 -0.17613839 0 P 0 
L 0.49388474 -0.17613839 0.469 -0.19177047 0 P 0 
L 0.469 -0.19177047 0.44921575 -0.22550659 0 P 0 
L 0.44921575 -0.22550659 0.4484685 -0.2401812 0 P 0 
L 0.4484685 -0.2401812 0.46016368 -0.24703976 0 P 0 
L 0.46016368 -0.24703976 0.472606 -0.23922362 0 P 0 
L 0.472606 -0.23922362 0.47920079 -0.22797835 0 P 0 
L 0.47920079 -0.22797835 0.47994793 -0.21330374 0 P 0 
L 0.47994793 -0.21330374 0.46240522 -0.20301585 0 P 0 
L 0.53828041 -0.23239951 0.53529163 -0.29109813 0 P 0 
L 0.51190128 -0.277381 0.56167077 -0.24611663 0 P 0 
L 0.58702933 -0.32143937 0.61191398 -0.30580719 0 P 0 
L 0.61191398 -0.30580719 0.62510354 -0.28331644 0 P 0 
L 0.62510354 -0.28331644 0.62659793 -0.25396722 0 P 0 
L 0.65046211 -0.35863917 0.69003071 -0.29116703 0 P 0 
L 0.69003071 -0.29116703 0.67385236 -0.3723562 0 P 0 
L 0.67385236 -0.3723562 0.71342096 -0.30488406 0 P 0 
L 0.71974252 -0.39926821 0.75931112 -0.33179606 0 P 0 
L 0.75931112 -0.33179606 0.77685384 -0.34208386 0 P 0 
L 0.77685384 -0.34208386 0.77610669 -0.35675846 0 P 0 
L 0.77610669 -0.35675846 0.76951191 -0.36800384 0 P 0 
L 0.76951191 -0.36800384 0.75706949 -0.37581998 0 P 0 
L 0.75706949 -0.37581998 0.73952677 -0.36553209 0 P 0 
L 0.82859154 -0.3724251 0.85198179 -0.38614222 0 P 0 
L 0.84028661 -0.37928366 0.80071801 -0.44675581 0 P 0 
L 0.89787185 -0.41305413 0.85830325 -0.48052628 0 P 0 
L 0.9212622 -0.42677126 0.8816936 -0.49424341 0 P 0 
L 0.8780876 -0.44679026 0.90147785 -0.46050728 0 P 0 
