#
#Feature symbol names
#
$0 r6

#
#Layer features
#
L -0.2261811 4.2843622 1.80895364 4.2843622 0 P 100 
L -0.22616762 0.83693071 -0.22617785 0.83693071 0 P 0 
L -0.22617785 0.83693071 -0.226181 -1.1498314 0 P 0 
L -0.18681093 -1.18920157 7.87362205 -1.18920157 0 P 0 
L 7.91299213 -1.1498315 7.91299213 1.2055248 0 P 0 
L 7.91299213 1.2055248 7.91298376 1.20555591 0 P 0 
L 7.91298376 1.20555591 7.91296309 1.20555591 0 P 0 
L 7.91296309 1.20555591 7.75086063 1.09641772 0 P 0 
L 7.75086063 1.09641772 7.7507874 1.09635551 0 P 0 
L 7.7507874 1.09635551 7.75078888 0.61980512 0 P 0 
A 7.75078888 0.61980512 7.67204577 0.61980512 7.71141732 0.61976614 0 P 0 Y
L 7.67204577 0.61980512 7.67204724 1.11694528 0 P 0 
A 7.67204724 1.11694528 7.68911191 1.14978937 7.71141614 1.11734567 0 P 0 Y
L 7.68911191 1.14978937 7.90032244 1.29198937 0 P 0 
L 7.90032244 1.29198937 7.90679626 1.29982717 0 P 0 
L 7.90679626 1.29982717 7.91107047 1.30940669 0 P 0 
L 7.91107047 1.30940669 7.91299213 1.32228307 0 P 0 
L 7.91299213 1.32228307 7.91298858 2.16839173 0 P 0 
L 7.91298858 2.16839173 7.91030384 2.18437835 0 P 0 
L 7.91030384 2.18437835 7.90234744 2.19893425 0 P 0 
L 7.90234744 2.19893425 7.88201407 2.22580669 0 P 0 
A 7.88201407 2.22580669 7.87401959 2.24894685 7.91338455 2.24959567 0 P 0 Y
L 7.87401959 2.24894685 7.8740125 3.13125866 0 P 0 
L 7.8740125 3.13125866 7.87219616 3.14749409 0 P 0 
L 7.87219616 3.14749409 7.86751614 3.16086811 0 P 0 
L 7.86751614 3.16086811 7.86000719 3.17281142 0 P 0 
L 7.86000719 3.17281142 7.85003032 3.18276417 0 P 0 
L 7.85003032 3.18276417 7.83806594 3.19029094 0 P 0 
L 7.83806594 3.19029094 7.82476585 3.1949563 0 P 0 
L 7.82476585 3.1949563 7.8244877 3.1950185 0 P 0 
L 7.8244877 3.1950185 7.80860758 3.19682244 0 P 0 
L 7.80860758 3.19682244 7.62973465 3.19688465 0 P 0 
A 7.62973465 3.19688465 7.62994705 3.27557362 7.63129941 3.2362252 0 P 0 Y
L 7.62994705 3.27557362 7.81194272 3.27557362 0 P 0 
L 7.81194272 3.27557362 7.83761014 3.27277441 0 P 0 
L 7.83761014 3.27277441 7.84512057 3.27121929 0 P 0 
L 7.84512057 3.27121929 7.87262313 3.26132874 0 P 0 
L 7.87262313 3.26132874 7.89558199 3.24714606 0 P 0 
L 7.89558199 3.24714606 7.89986565 3.24403583 0 P 0 
L 7.89986565 3.24403583 7.91298169 3.23119055 0 P 0 
L 7.91298169 3.23119055 7.9129875 3.23119055 0 P 0 
L 7.9129875 3.23119055 7.91299193 4.44182421 0 P 0 
L 7.87362185 4.48119449 -0.18681102 4.48119449 0 P 0 
L -0.2261811 4.44182441 -0.2261811 2.81631614 0 P 0 
L -0.2261811 2.81631614 -0.22617756 2.81628504 0 P 0 
L -0.22617756 2.81628504 -0.22615768 2.81628504 0 P 0 
L -0.22615768 2.81628504 -0.09994616 3.28366024 0 P 0 
L -0.09994616 3.28366024 -0.02445994 3.47481535 0 P 0 
A -0.02445994 3.47481535 0.04823484 3.44458386 0.01161417 3.45904252 0 P 0 Y
L 0.04823484 3.44458386 -0.02501348 3.25927598 0 P 0 
L -0.02501348 3.25927598 -0.1628565 2.7486374 0 P 0 
L -0.1628565 2.7486374 -0.22617953 2.56053032 0 P 0 
L -0.22617953 2.56053032 -0.22617992 1.05579803 0 P 0 
L -0.22617992 1.05579803 -0.22539134 1.04789803 0 P 0 
L -0.22539134 1.04789803 -0.22339134 1.04049567 0 P 0 
L -0.22339134 1.04049567 -0.1631999 0.88722323 0 P 0 
L -0.1631999 0.88722323 -0.10325413 0.76617283 0 P 0 
L -0.10325413 0.76617283 -0.02959488 0.64817047 0 P 0 
A -0.02959488 0.64817047 -0.02362057 0.62733189 -0.06299705 0.6273186 0 P 0 Y
L -0.02362057 0.62733189 -0.02361939 0.04192323 0 P 0 
L -0.02361939 0.04192323 -0.02196171 0.02929567 0 P 0 
L -0.02196171 0.02929567 -0.02194626 0.02923346 0 P 0 
L -0.02194626 0.02923346 -0.01804459 0.01984055 0 P 0 
L -0.01804459 0.01984055 -0.01184813 0.01175394 0 P 0 
L -0.01184813 0.01175394 -0.01178297 0.01169173 0 P 0 
L -0.01178297 0.01169173 -0.0037563 0.00553346 0 P 0 
L -0.0037563 0.00553346 0.00558504 0.00167677 0 P 0 
L 0.00558504 0.00167677 0.01786831 0.00005945 0 P 0 
L 0.01786831 0.00005945 0.30501358 -0.00000276 0 P 0 
A 0.30501358 -0.00000276 0.30522598 -0.07869173 0.30366122 -0.03935118 0 P 0 Y
L 0.30522598 -0.07869173 0.01418346 -0.07869173 0 P 0 
L 0.01418346 -0.07869173 -0.00946506 -0.07576811 0 P 0 
L -0.00946506 -0.07576811 -0.01691161 -0.07408858 0 P 0 
L -0.01691161 -0.07408858 -0.03863022 -0.06525551 0 P 0 
L -0.03863022 -0.06525551 -0.043806 -0.06264291 0 P 0 
L -0.043806 -0.06264291 -0.06480935 -0.04684291 0 P 0 
L -0.06480935 -0.04684291 -0.06895866 -0.04292402 0 P 0 
L -0.06895866 -0.04292402 -0.08368711 -0.02395157 0 P 0 
L -0.08368711 -0.02395157 -0.08371801 -0.02388937 0 P 0 
L -0.08371801 -0.02388937 -0.086856 -0.01909961 0 P 0 
L -0.086856 -0.01909961 -0.09666486 0.00385394 0 P 0 
L -0.09666486 0.00385394 -0.09852766 0.00951457 0 P 0 
L -0.09852766 0.00951457 -0.10217165 0.03551614 0 P 0 
L -0.10217165 0.03551614 -0.10238041 0.61607283 0 P 0 
L -0.10238041 0.61607283 -0.17155689 0.72692165 0 P 0 
L -0.17155689 0.72692165 -0.22616762 0.83693071 0 P 0 
L 0.02280974 3.59431063 0.11518514 3.82782717 0 P 0 
A 0.11518514 3.82782717 0.13191614 3.84735945 0.15182569 3.81337343 0 P 0 Y
L 0.13191614 3.84735945 0.38343406 3.9955311 0 P 0 
L 0.38343406 3.9955311 0.39044744 3.99876575 0 P 0 
L 0.39044744 3.99876575 0.69013907 4.07422008 0 P 0 
L 0.69013907 4.07422008 0.6955376 4.07477992 0 P 0 
L 0.6955376 4.07477992 1.29863563 4.07477992 0 P 0 
A 1.29863563 4.07477992 1.29884803 3.99609094 1.29728356 4.0354315 0 P 0 Y
L 1.29884803 3.99609094 0.70162933 3.99602874 0 P 0 
L 0.70162933 3.99602874 0.41850571 3.92480433 0 P 0 
L 0.41850571 3.92480433 0.18345994 3.78633661 0 P 0 
L 0.18345994 3.78633661 0.1834248 3.78627441 0 P 0 
L 0.1834248 3.78627441 0.09482746 3.56258622 0 P 0 
L 0.09482746 3.56258622 0.0908752 3.55611693 0 P 0 
L 0.0908752 3.55611693 0.08574911 3.5505185 0 P 0 
L 0.08574911 3.5505185 0.07969724 3.54603976 0 P 0 
L 0.07969724 3.54603976 0.0729314 3.54280512 0 P 0 
L 0.0729314 3.54280512 0.06584016 3.54093898 0 P 0 
A 0.06584016 3.54093898 0.05591358 3.54056575 0.05950305 3.57729114 0 P 0 Y
A 0.05591358 3.54056575 0.02280974 3.59431063 0.05940787 3.57978553 0 P 0 Y
L 0.43223051 -0.00000276 0.71940935 0.00005945 0 P 0 
L 0.71940935 0.00005945 0.731669 0.00167677 0 P 0 
L 0.731669 0.00167677 0.74102972 0.00553346 0 P 0 
L 0.74102972 0.00553346 0.74906644 0.01169173 0 P 0 
L 0.74906644 0.01169173 0.74913159 0.01175394 0 P 0 
L 0.74913159 0.01175394 0.75532224 0.01984055 0 P 0 
L 0.75532224 0.01984055 0.7592003 0.02923346 0 P 0 
L 0.7592003 0.02923346 0.75921585 0.02929567 0 P 0 
L 0.75921585 0.02929567 0.76090551 0.04198543 0 P 0 
L 0.76090551 0.04198543 0.76090404 0.35437756 0 P 0 
A 0.76090404 0.35437756 0.79892343 0.39369094 0.80027352 0.35434459 0 P 0 Y
L 0.79892343 0.39369094 1.18911909 0.39375315 0 P 0 
L 1.18911909 0.39375315 1.20292362 0.39580591 0 P 0 
L 1.20292362 0.39580591 1.2131625 0.40059567 0 P 0 
L 1.2131625 0.40059567 1.22395758 0.4102374 0 P 0 
L 1.22395758 0.4102374 1.26014242 0.45272323 0 P 0 
L 1.26014242 0.45272323 1.30014665 0.49334291 0 P 0 
L 1.30014665 0.49334291 1.33339862 0.52245472 0 P 0 
A 1.33339862 0.52245472 1.35843878 0.53038583 1.35713179 0.49101831 0 P 0 Y
L 1.35843878 0.53038583 1.35843878 0.53032362 0 P 0 
L 1.35843878 0.53032362 1.77427776 0.53032362 0 P 0 
L 1.77427776 0.53032362 1.77427776 0.53035472 0 P 0 
A 1.77427776 0.53035472 1.77719449 0.45166575 1.77562421 0.4910061 0 P 0 Y
L 1.77719449 0.45166575 1.37192618 0.45160354 0 P 0 
L 1.37192618 0.45160354 1.35340197 0.43530591 0 P 0 
L 1.35340197 0.43530591 1.31731161 0.39854291 0 P 0 
L 1.31731161 0.39854291 1.28225305 0.35723898 0 P 0 
L 1.28225305 0.35723898 1.28217618 0.35717677 0 P 0 
L 1.28217618 0.35717677 1.2784376 0.35332008 0 P 0 
L 1.2784376 0.35332008 1.25898071 0.33608937 0 P 0 
L 1.25898071 0.33608937 1.25256033 0.33210827 0 P 0 
L 1.25256033 0.33210827 1.23104488 0.3220311 0 P 0 
L 1.23104488 0.3220311 1.22378012 0.31948071 0 P 0 
L 1.22378012 0.31948071 1.19321811 0.31500197 0 P 0 
L 1.19321811 0.31500197 0.83964567 0.31493976 0 P 0 
L 0.83964567 0.31493976 0.83945512 0.03551614 0 P 0 
L 0.83945512 0.03551614 0.8357563 0.00945236 0 P 0 
L 0.8357563 0.00945236 0.83395364 0.00397835 0 P 0 
L 0.83395364 0.00397835 0.82413947 -0.01909961 0 P 0 
L 0.82413947 -0.01909961 0.82097057 -0.02395157 0 P 0 
L 0.82097057 -0.02395157 0.80624213 -0.04292402 0 P 0 
L 0.80624213 -0.04292402 0.80209282 -0.04684291 0 P 0 
L 0.80209282 -0.04684291 0.78108947 -0.06264291 0 P 0 
L 0.78108947 -0.06264291 0.77590148 -0.06525551 0 P 0 
L 0.77590148 -0.06525551 0.75415571 -0.07408858 0 P 0 
L 0.75415571 -0.07408858 0.74670974 -0.07576811 0 P 0 
L 0.74670974 -0.07576811 0.7231 -0.07869173 0 P 0 
L 0.7231 -0.07869173 0.43008681 -0.07856732 0 P 0 
L 0.43008681 -0.07856732 0.42840364 -0.07838071 0 P 0 
A 0.42840364 -0.07838071 0.43223051 -0.00000276 0.43358287 -0.03935118 0 P 0 Y
L 1.42585256 4.07477992 1.5984252 4.07484213 0 P 0 
L 1.5984252 4.07484213 1.59847264 4.15440197 0 P 0 
L 1.59847264 4.15440197 1.60059754 4.17828858 0 P 0 
L 1.60059754 4.17828858 1.60192382 4.1838248 0 P 0 
L 1.60192382 4.1838248 1.60979203 4.20609409 0 P 0 
L 1.60979203 4.20609409 1.61244449 4.21113268 0 P 0 
L 1.61244449 4.21113268 1.62366033 4.22817677 0 P 0 
L 1.62366033 4.22817677 1.62842785 4.23408622 0 P 0 
L 1.62842785 4.23408622 1.64432077 4.24876654 0 P 0 
L 1.64432077 4.24876654 1.65046457 4.25336969 0 P 0 
L 1.65046457 4.25336969 1.66947077 4.26363346 0 P 0 
L 1.66947077 4.26363346 1.6764936 4.26655709 0 P 0 
L 1.6764936 4.26655709 1.70151339 4.27265315 0 P 0 
L 1.70151339 4.27265315 2.52686053 4.36260118 0 P 0 
A 2.52686053 4.36260118 2.53160797 4.2839122 2.53109961 4.32336919 0 P 0 Y
L 2.53160797 4.2839122 1.71383061 4.19477283 0 P 0 
L 1.71383061 4.19477283 1.70233169 4.19191142 0 P 0 
L 1.70233169 4.19191142 1.6938748 4.18737047 0 P 0 
L 1.6938748 4.18737047 1.68676673 4.18083898 0 P 0 
L 1.68676673 4.18083898 1.68144094 4.17275236 0 P 0 
L 1.68144094 4.17275236 1.67825679 4.16360827 0 P 0 
L 1.67825679 4.16360827 1.67716535 4.15073189 0 P 0 
L 1.67716535 4.15073189 1.6769686 4.03148543 0 P 0 
L 1.6769686 4.03148543 1.67547707 4.02402087 0 P 0 
L 1.67547707 4.02402087 1.67258179 4.01699173 0 P 0 
L 1.67258179 4.01699173 1.66838691 4.01064685 0 P 0 
L 1.66838691 4.01064685 1.66313406 4.00529724 0 P 0 
L 1.66313406 4.00529724 1.65689892 4.00100512 0 P 0 
L 1.65689892 4.00100512 1.65006122 3.99801929 0 P 0 
L 1.65006122 3.99801929 1.64297431 3.99640197 0 P 0 
L 1.64297431 3.99640197 1.63935984 3.99609094 0 P 0 
L 1.63935984 3.99609094 1.42370886 3.99621535 0 P 0 
L 1.42370886 3.99621535 1.42202569 3.99640197 0 P 0 
A 1.42202569 3.99640197 1.42585256 4.07477992 1.42720492 4.0354315 0 P 0 Y
L 3.92737746 -1.06793346 3.92010217 -1.06594291 0 P 0 
L 3.92010217 -1.06594291 3.4419437 -0.88355866 0 P 0 
L 3.4419437 -0.88355866 3.44184321 -0.88349646 0 P 0 
L 3.44184321 -0.88349646 3.43049163 -0.87827126 0 P 0 
L 3.43049163 -0.87827126 3.42856201 -0.87796024 0 P 0 
L 3.42856201 -0.87796024 3.20583484 -0.87777362 0 P 0 
L 3.20583484 -0.87777362 3.2032877 -0.8774626 0 P 0 
L 3.2032877 -0.8774626 3.2032877 -0.8774315 0 P 0 
L 3.2032877 -0.8774315 3.20322313 -0.8774315 0 P 0 
L 3.20322313 -0.8774315 3.20322313 -0.8774626 0 P 0 
L 3.20322313 -0.8774626 3.20321969 -0.877475 0 P 0 
L 3.20321969 -0.877475 3.17884045 -0.87341929 0 P 0 
L 3.17884045 -0.87341929 3.17259065 -0.87124213 0 P 0 
L 3.17259065 -0.87124213 3.14951535 -0.86060512 0 P 0 
L 3.14951535 -0.86060512 3.14491506 -0.85737047 0 P 0 
L 3.14491506 -0.85737047 3.12566831 -0.84132165 0 P 0 
L 3.12566831 -0.84132165 2.58388022 -0.2995185 0 P 0 
L 2.58388022 -0.2995185 2.58384567 -0.2994563 0 P 0 
L 2.58384567 -0.2994563 2.58044242 -0.29559961 0 P 0 
L 2.58044242 -0.29559961 2.56574665 -0.27612953 0 P 0 
L 2.56574665 -0.27612953 2.5627686 -0.27034449 0 P 0 
L 2.5627686 -0.27034449 2.55365679 -0.24776417 0 P 0 
L 2.55365679 -0.24776417 2.55239833 -0.24216575 0 P 0 
L 2.55239833 -0.24216575 2.54931575 -0.21827913 0 P 0 
L 2.54931575 -0.21827913 2.54925197 -0.08074449 0 P 0 
L 2.54925197 -0.08074449 2.54727805 -0.0269374 0 P 0 
L 2.54727805 -0.0269374 2.54149488 0.02500354 0 P 0 
L 2.54149488 0.02500354 2.53190955 0.07638465 0 P 0 
L 2.53190955 0.07638465 2.51854203 0.12695709 0 P 0 
L 2.51854203 0.12695709 2.50150315 0.17634764 0 P 0 
L 2.50150315 0.17634764 2.48089537 0.22430748 0 P 0 
L 2.48089537 0.22430748 2.45675886 0.2707122 0 P 0 
L 2.45675886 0.2707122 2.4292565 0.31518858 0 P 0 
L 2.4292565 0.31518858 2.39857047 0.35755 0 P 0 
L 2.39857047 0.35755 2.36485502 0.39748543 0 P 0 
L 2.36485502 0.39748543 2.32831348 0.43480827 0 P 0 
L 2.32831348 0.43480827 2.30924203 0.45160354 0 P 0 
L 2.30924203 0.45160354 1.90398661 0.45166575 0 P 0 
A 1.90398661 0.45166575 1.90690335 0.53038583 1.90555935 0.49102156 0 P 0 Y
L 1.90690335 0.53038583 1.90690335 0.53032362 0 P 0 
L 1.90690335 0.53032362 2.32274232 0.53032362 0 P 0 
L 2.32274232 0.53032362 2.32274232 0.53035472 0 P 0 
L 2.32274232 0.53035472 2.3230128 0.53038583 0 P 0 
L 2.3230128 0.53038583 2.33084518 0.52979488 0 P 0 
L 2.33084518 0.52979488 2.337931 0.52786654 0 P 0 
L 2.337931 0.52786654 2.34467657 0.52456969 0 P 0 
L 2.34467657 0.52456969 2.35069941 0.52002874 0 P 0 
L 2.35069941 0.52002874 2.38339626 0.49110354 0 P 0 
L 2.38339626 0.49110354 2.42412539 0.44936417 0 P 0 
L 2.42412539 0.44936417 2.46147382 0.40495 0 P 0 
L 2.46147382 0.40495 2.4953126 0.35810984 0 P 0 
L 2.4953126 0.35810984 2.5254688 0.30921693 0 P 0 
L 2.5254688 0.30921693 2.55275748 0.25652953 0 P 0 
L 2.55275748 0.25652953 2.57563789 0.20290906 0 P 0 
L 2.57563789 0.20290906 2.59432717 0.14841772 0 P 0 
L 2.59432717 0.14841772 2.60907559 0.09212244 0 P 0 
L 2.60907559 0.09212244 2.61961909 0.0349563 0 P 0 
L 2.61961909 0.0349563 2.62585728 -0.02146339 0 P 0 
L 2.62585728 -0.02146339 2.6279936 -0.07993583 0 P 0 
L 2.6279936 -0.07993583 2.62799213 -0.21336496 0 P 0 
L 2.62799213 -0.21336496 2.62969577 -0.22611693 0 P 0 
L 2.62969577 -0.22611693 2.63357421 -0.23550984 0 P 0 
L 2.63357421 -0.23550984 2.64136624 -0.24564921 0 P 0 
L 2.64136624 -0.24564921 3.18012136 -0.78440433 0 P 0 
L 3.18012136 -0.78440433 3.19066959 -0.79305079 0 P 0 
L 3.19066959 -0.79305079 3.200106 -0.79728071 0 P 0 
L 3.200106 -0.79728071 3.21238159 -0.79920906 0 P 0 
L 3.21238159 -0.79920906 3.43490246 -0.79933346 0 P 0 
L 3.43490246 -0.79933346 3.4526872 -0.80225709 0 P 0 
L 3.4526872 -0.80225709 3.45791093 -0.80412323 0 P 0 
L 3.45791093 -0.80412323 3.47127785 -0.81046811 0 P 0 
L 3.47127785 -0.81046811 3.94817431 -0.99235472 0 P 0 
A 3.94817431 -0.99235472 3.92899419 -1.06818228 3.9341749 -1.02915315 0 P 0 Y
L 3.92899419 -1.06818228 3.92737746 -1.06793346 0 P 0 
L 5.14252165 2.99073819 5.10259636 2.99919803 0 P 0 
L 5.10259636 2.99919803 5.06731909 3.01070591 0 P 0 
L 5.06731909 3.01070591 5.03112825 3.02706575 0 P 0 
L 5.03112825 3.02706575 4.99823376 3.04647362 0 P 0 
L 4.99823376 3.04647362 4.96725157 3.06955157 0 P 0 
L 4.96725157 3.06955157 4.94024577 3.09437126 0 P 0 
L 4.94024577 3.09437126 4.91425472 3.12416732 0 P 0 
L 4.91425472 3.12416732 4.89284774 3.15458543 0 P 0 
L 4.89284774 3.15458543 4.87361919 3.18954449 0 P 0 
L 4.87361919 3.18954449 4.86046929 3.22052244 0 P 0 
L 4.86046929 3.22052244 4.84832569 3.26008465 0 P 0 
L 4.84832569 3.26008465 4.84115748 3.29883819 0 P 0 
L 4.84115748 3.29883819 4.83826624 3.33609882 0 P 0 
L 4.83826624 3.33609882 4.839319 3.3739815 0 P 0 
L 4.839319 3.3739815 4.84453307 3.4122374 0 P 0 
L 4.84453307 3.4122374 4.85375778 3.44949803 0 P 0 
L 4.85375778 3.44949803 4.86758789 3.48694528 0 P 0 
L 4.86758789 3.48694528 4.88453022 3.52103346 0 P 0 
L 4.88453022 3.52103346 4.9025063 3.54964764 0 P 0 
L 4.9025063 3.54964764 4.92803474 3.58218071 0 P 0 
L 4.92803474 3.58218071 4.95420492 3.60892874 0 P 0 
L 4.95420492 3.60892874 4.9542126 3.60899094 0 P 0 
L 4.9542126 3.60899094 4.95421112 3.6465626 0 P 0 
A 4.95421112 3.6465626 5.03295423 3.64650039 4.99358268 3.64652825 0 P 0 Y
L 5.03295423 3.64650039 5.03295276 3.59319094 0 P 0 
A 5.03295276 3.59319094 5.0217373 3.56532323 4.99358583 3.5928436 0 P 0 Y
L 5.0217373 3.56532323 4.98657795 3.5294311 0 P 0 
L 4.98657795 3.5294311 4.9680624 3.50597992 0 P 0 
L 4.9680624 3.50597992 4.95216378 3.4806626 0 P 0 
L 4.95216378 3.4806626 4.93904331 3.45379016 0 P 0 
L 4.93904331 3.45379016 4.92887106 3.42567362 0 P 0 
L 4.92887106 3.42567362 4.9217685 3.39662402 0 P 0 
L 4.9217685 3.39662402 4.91780689 3.36701457 0 P 0 
L 4.91780689 3.36701457 4.91704852 3.3371563 0 P 0 
L 4.91704852 3.3371563 4.91946683 3.30736024 0 P 0 
L 4.91946683 3.30736024 4.92505797 3.27799961 0 P 0 
L 4.92505797 3.27799961 4.93375846 3.24938543 0 P 0 
L 4.93375846 3.24938543 4.94547028 3.22182874 0 P 0 
L 4.94547028 3.22182874 4.96002441 3.19576496 0 P 0 
L 4.96002441 3.19576496 4.9773065 3.17138071 0 P 0 
L 4.9773065 3.17138071 4.99704744 3.14898701 0 P 0 
L 4.99704744 3.14898701 5.01913307 3.12883268 0 P 0 
L 5.01913307 3.12883268 5.04326368 3.11110433 0 P 0 
L 5.04326368 3.11110433 5.06908327 3.09611299 0 P 0 
L 5.06908327 3.09611299 5.09645797 3.08392087 0 P 0 
L 5.09645797 3.08392087 5.12478406 3.07477677 0 P 0 
L 5.12478406 3.07477677 5.15400581 3.06868071 0 P 0 
L 5.15400581 3.06868071 5.18418711 3.06573002 0 P 0 
L 5.18418711 3.06573002 5.21406447 3.06600591 0 P 0 
L 5.21406447 3.06600591 5.2435998 3.06948937 0 P 0 
L 5.2435998 3.06948937 5.27249567 3.07602087 0 P 0 
L 5.27249567 3.07602087 5.30080965 3.0857248 0 P 0 
L 5.30080965 3.0857248 5.32790207 3.09835236 0 P 0 
L 5.32790207 3.09835236 5.35350551 3.11384134 0 P 0 
L 5.35350551 3.11384134 5.37733868 3.13200512 0 P 0 
L 5.37733868 3.13200512 5.39903169 3.15253268 0 P 0 
L 5.39903169 3.15253268 5.41841339 3.17529961 0 P 0 
L 5.41841339 3.17529961 5.44934803 3.22058465 0 P 0 
L 5.44934803 3.22058465 5.45430148 3.22649409 0 P 0 
L 5.45430148 3.22649409 5.4601372 3.23122165 0 P 0 
L 5.4601372 3.23122165 5.4667938 3.23476732 0 P 0 
L 5.4667938 3.23476732 5.47383907 3.23694449 0 P 0 
L 5.47383907 3.23694449 5.4805376 3.23775315 0 P 0 
L 5.4805376 3.23775315 5.96729705 3.23775315 0 P 0 
A 5.96729705 3.23775315 5.96750945 3.15906417 5.96594439 3.19840472 0 P 0 Y
L 5.96750945 3.15906417 5.50263848 3.15900197 0 P 0 
L 5.50263848 3.15900197 5.47942805 3.12547362 0 P 0 
L 5.47942805 3.12547362 5.45758661 3.09984528 0 P 0 
L 5.45758661 3.09984528 5.42756949 3.07129331 0 P 0 
L 5.42756949 3.07129331 5.39601585 3.0475311 0 P 0 
L 5.39601585 3.0475311 5.36692431 3.02992717 0 P 0 
L 5.36692431 3.02992717 5.3292814 3.01226102 0 P 0 
L 5.3292814 3.01226102 5.29254065 2.99982008 0 P 0 
L 5.29254065 2.99982008 5.25525778 2.99154685 0 P 0 
L 5.25525778 2.99154685 5.21774567 2.98725472 0 P 0 
L 5.21774567 2.98725472 5.17859075 2.98713032 0 P 0 
L 5.17859075 2.98713032 5.14252165 2.99073819 0 P 0 
L 4.95421112 3.77644606 4.9542126 4.24235945 0 P 0 
L 4.9542126 4.24235945 4.95255049 4.25504921 0 P 0 
L 4.95255049 4.25504921 4.94865925 4.26444213 0 P 0 
L 4.94865925 4.26444213 4.94862431 4.26450433 0 P 0 
L 4.94862431 4.26450433 4.94242303 4.27259094 0 P 0 
L 4.94242303 4.27259094 4.93438041 4.27874921 0 P 0 
L 4.93438041 4.27874921 4.92493455 4.28266811 0 P 0 
L 4.92493455 4.28266811 4.90879951 4.28478307 0 P 0 
A 4.90879951 4.28478307 4.92051969 4.36266339 4.9148435 4.32369557 0 P 0 Y
L 4.92051969 4.36266339 4.94465374 4.35924213 0 P 0 
L 4.94465374 4.35924213 4.9501814 4.35743819 0 P 0 
L 4.9501814 4.35743819 4.96789262 4.35009803 0 P 0 
A 4.96789262 4.35009803 4.98168435 4.34170039 4.95077352 4.30645866 0 P 0 Y
L 4.98168435 4.34170039 4.99816329 4.32869961 0 P 0 
L 4.99816329 4.32869961 5.0019247 4.32440748 0 P 0 
L 5.0019247 4.32440748 5.01426683 4.30829646 0 P 0 
L 5.01426683 4.30829646 5.01832372 4.30176496 0 P 0 
L 5.01832372 4.30176496 5.02880315 4.2760122 0 P 0 
L 5.02880315 4.2760122 5.02995738 4.27035157 0 P 0 
L 5.02995738 4.27035157 5.03290217 4.2469626 0 P 0 
L 5.03290217 4.2469626 5.03295423 3.77644606 0 P 0 
A 5.03295423 3.77644606 4.98840364 3.7373815 4.99358317 3.77641043 0 P 0 Y
A 4.98840364 3.7373815 4.95421112 3.77644606 4.99358258 3.77641093 0 P 0 Y
L 5.38125492 -0.9906752 5.40067864 -0.96411378 0 P 0 
L 5.40067864 -0.96411378 5.40574026 -0.95845315 0 P 0 
L 5.40574026 -0.95845315 5.41078169 -0.95447205 0 P 0 
L 5.41078169 -0.95447205 5.84518406 -0.66727283 0 P 0 
L 5.84518406 -0.66727283 5.85199045 -0.6642248 0 P 0 
L 5.85199045 -0.6642248 5.85903307 -0.66254528 0 P 0 
L 5.85903307 -0.66254528 5.86325413 -0.66217205 0 P 0 
L 5.86325413 -0.66217205 6.03412028 -0.65819094 0 P 0 
A 6.03412028 -0.65819094 6.03537224 -0.73694213 6.03546565 -0.69755512 0 P 0 Y
L 6.03537224 -0.73694213 5.87679685 -0.74067441 0 P 0 
L 5.87679685 -0.74067441 5.4601247 -1.01624134 0 P 0 
L 5.4601247 -1.01624134 5.46006191 -1.01630354 0 P 0 
L 5.46006191 -1.01630354 5.44285719 -1.03963032 0 P 0 
L 5.44285719 -1.03963032 5.43741565 -1.04485551 0 P 0 
L 5.43741565 -1.04485551 5.4310501 -1.04896102 0 P 0 
L 5.4310501 -1.04896102 5.42426526 -1.05169803 0 P 0 
A 5.42426526 -1.05169803 5.40949626 -1.05319094 5.41299213 -1.01397539 0 P 0 Y
A 5.40949626 -1.05319094 5.38125492 -0.9906752 5.41299272 -1.01397461 0 P 0 Y
L 6.31582677 1.13212323 6.31582677 1.39543583 0 P 0 
L 6.31582677 1.39543583 6.05261644 1.39549803 0 P 0 
A 6.05261644 1.39549803 6.05332047 1.45844921 6.05401703 1.42696191 0 P 0 Y
L 6.05332047 1.45844921 6.31582677 1.45851142 0 P 0 
L 6.31582677 1.45851142 6.315844 1.72325472 0 P 0 
A 6.315844 1.72325472 6.37880354 1.72319252 6.34732283 1.72224803 0 P 0 Y
L 6.37880354 1.72319252 6.3788189 1.45851142 0 P 0 
L 6.3788189 1.45851142 6.5921126 1.45844921 0 P 0 
A 6.5921126 1.45844921 6.59281663 1.39549803 6.59141654 1.42696191 0 P 0 Y
L 6.59281663 1.39549803 6.3788189 1.39543583 0 P 0 
L 6.3788189 1.39543583 6.37880236 1.13069252 0 P 0 
A 6.37880236 1.13069252 6.34419695 1.10033661 6.34732343 1.1316753 0 P 0 Y
A 6.34419695 1.10033661 6.31582677 1.13212323 6.34732165 1.13167933 0 P 0 Y
L 6.09451398 3.23775315 7.13086388 3.23781535 0 P 0 
L 7.13086388 3.23781535 7.18480669 3.26475 0 P 0 
L 7.18480669 3.26475 7.205425 3.27215236 0 P 0 
L 7.205425 3.27215236 7.23097067 3.27557362 0 P 0 
L 7.23097067 3.27557362 7.50273012 3.27557362 0 P 0 
A 7.50273012 3.27557362 7.50294252 3.19688465 7.50137805 3.2362252 0 P 0 Y
L 7.50294252 3.19688465 7.23471683 3.19682244 0 P 0 
L 7.23471683 3.19682244 7.22441831 3.19545394 0 P 0 
L 7.22441831 3.19545394 7.21404232 3.19159724 0 P 0 
L 7.21404232 3.19159724 7.15438071 3.16167677 0 P 0 
L 7.15438071 3.16167677 7.14733858 3.15968622 0 P 0 
L 7.14733858 3.15968622 7.14176142 3.15906417 0 P 0 
L 7.14176142 3.15906417 6.09237028 3.15918858 0 P 0 
A 6.09237028 3.15918858 6.09451398 3.23775315 6.09586614 3.19840472 0 P 0 Y
L 6.16556713 -0.65514291 6.35336821 -0.65078858 0 P 0 
L 6.35336821 -0.65078858 6.4011811 -0.63281142 0 P 0 
L 6.4011811 -0.63281142 6.40137234 -0.37503504 0 P 0 
L 6.40137234 -0.37503504 6.40531112 -0.3375878 0 P 0 
L 6.40531112 -0.3375878 6.41331181 -0.29976732 0 P 0 
L 6.41331181 -0.29976732 6.42530039 -0.26275551 0 P 0 
L 6.42530039 -0.26275551 6.44082323 -0.22773425 0 P 0 
L 6.44082323 -0.22773425 6.4602437 -0.19401929 0 P 0 
L 6.4602437 -0.19401929 6.48329872 -0.16229488 0 P 0 
L 6.48329872 -0.16229488 6.5092499 -0.13349409 0 P 0 
L 6.5092499 -0.13349409 6.53777884 -0.10774134 0 P 0 
L 6.53777884 -0.10774134 6.56913947 -0.0849122 0 P 0 
L 6.56913947 -0.0849122 6.60082785 -0.0663752 0 P 0 
L 6.60082785 -0.0663752 6.63344547 -0.05150827 0 P 0 
L 6.63344547 -0.05150827 6.67415039 -0.03788543 0 P 0 
L 6.67415039 -0.03788543 6.71022835 -0.02992323 0 P 0 
L 6.71022835 -0.02992323 6.74912028 -0.0255689 0 P 0 
L 6.74912028 -0.0255689 6.78836703 -0.02532008 0 P 0 
L 6.78836703 -0.02532008 6.82703819 -0.02917677 0 P 0 
L 6.82703819 -0.02917677 6.86367146 -0.03664134 0 P 0 
L 6.86367146 -0.03664134 6.89955167 -0.04783819 0 P 0 
L 6.89955167 -0.04783819 7.63037697 -0.04783819 0 P 0 
L 7.63037697 -0.04783819 7.64269715 -0.04622087 0 P 0 
L 7.64269715 -0.04622087 7.64290906 -0.04615866 0 P 0 
L 7.64290906 -0.04615866 7.6521997 -0.04230197 0 P 0 
L 7.6521997 -0.04230197 7.66031752 -0.0360815 0 P 0 
L 7.66031752 -0.0360815 7.66648337 -0.02805709 0 P 0 
L 7.66648337 -0.02805709 7.67038002 -0.01860197 0 P 0 
L 7.67038002 -0.01860197 7.67204724 -0.0059122 0 P 0 
L 7.67204724 -0.0059122 7.67204577 0.48985945 0 P 0 
A 7.67204577 0.48985945 7.75078888 0.48979724 7.71141732 0.48982628 0 P 0 Y
L 7.75078888 0.48979724 7.75058435 -0.01250591 0 P 0 
L 7.75058435 -0.01250591 7.74699862 -0.03813425 0 P 0 
L 7.74699862 -0.03813425 7.74523642 -0.04360827 0 P 0 
L 7.74523642 -0.04360827 7.73582274 -0.06606417 0 P 0 
L 7.73582274 -0.06606417 7.73282963 -0.07091614 0 P 0 
L 7.73282963 -0.07091614 7.71742323 -0.09075945 0 P 0 
L 7.71742323 -0.09075945 7.71327392 -0.09467835 0 P 0 
L 7.71327392 -0.09467835 7.6922312 -0.11047835 0 P 0 
L 7.6922312 -0.11047835 7.68705374 -0.11309094 0 P 0 
L 7.68705374 -0.11309094 7.664344 -0.12229724 0 P 0 
L 7.664344 -0.12229724 7.65911388 -0.12347913 0 P 0 
L 7.65911388 -0.12347913 7.63424173 -0.12658937 0 P 0 
L 7.63424173 -0.12658937 6.88952667 -0.12640276 0 P 0 
L 6.88952667 -0.12640276 6.88303268 -0.12515866 0 P 0 
L 6.88303268 -0.12515866 6.84336102 -0.11277992 0 P 0 
L 6.84336102 -0.11277992 6.81360276 -0.10680827 0 P 0 
L 6.81360276 -0.10680827 6.78175049 -0.10397795 0 P 0 
L 6.78175049 -0.10397795 6.75247766 -0.10432008 0 P 0 
L 6.75247766 -0.10432008 6.72273612 -0.10774134 0 P 0 
L 6.72273612 -0.10774134 6.69311526 -0.11433504 0 P 0 
L 6.69311526 -0.11433504 6.66430246 -0.12397677 0 P 0 
L 6.66430246 -0.12397677 6.63671407 -0.13654213 0 P 0 
L 6.63671407 -0.13654213 6.61048071 -0.1519689 0 P 0 
L 6.61048071 -0.1519689 6.58609557 -0.16994606 0 P 0 
L 6.58609557 -0.16994606 6.56362638 -0.19047362 0 P 0 
L 6.56362638 -0.19047362 6.54347667 -0.21311614 0 P 0 
L 6.54347667 -0.21311614 6.52572539 -0.23781142 0 P 0 
L 6.52572539 -0.23781142 6.51068504 -0.26418622 0 P 0 
L 6.51068504 -0.26418622 6.49849331 -0.29192953 0 P 0 
L 6.49849331 -0.29192953 6.48923041 -0.32085472 0 P 0 
L 6.48923041 -0.32085472 6.48301703 -0.35058858 0 P 0 
L 6.48301703 -0.35058858 6.47992126 -0.38094449 0 P 0 
L 6.47992126 -0.38094449 6.47982116 -0.6629185 0 P 0 
L 6.47982116 -0.6629185 6.4785372 -0.67044528 0 P 0 
L 6.4785372 -0.67044528 6.47584724 -0.67753661 0 P 0 
L 6.47584724 -0.67753661 6.47182825 -0.68400591 0 P 0 
L 6.47182825 -0.68400591 6.46661181 -0.68960433 0 P 0 
L 6.46661181 -0.68960433 6.4605253 -0.69402087 0 P 0 
L 6.4605253 -0.69402087 6.45551555 -0.69650906 0 P 0 
L 6.45551555 -0.69650906 6.37134921 -0.72798465 0 P 0 
L 6.37134921 -0.72798465 6.36444075 -0.72922874 0 P 0 
L 6.36444075 -0.72922874 6.16189783 -0.73376969 0 P 0 
L 6.16189783 -0.73376969 6.16021467 -0.73358307 0 P 0 
A 6.16021467 -0.73358307 6.16556713 -0.65514291 6.16540768 -0.69453474 0 P 0 Y
A -0.2261811 4.44182441 -0.18681102 4.48119449 -0.18681102 4.44182441 0 P 0 Y
A 7.87362185 4.48119449 7.91299193 4.44182421 7.87362185 4.44182441 0 P 0 Y
A 7.91299213 -1.1498315 7.87362205 -1.18920157 7.87362205 -1.1498315 0 P 0 Y
A -0.226181 -1.1498314 -0.18681093 -1.18920157 -0.18681093 -1.1498315 0 P 0 N
L -0.226181 -0.9923622 3.72719498 -0.9923622 0 P 100 
L 5.02540532 4.2843622 7.91299193 4.2843622 0 P 100 
L 2.53706339 4.2843622 4.91201033 4.2843622 0 P 100 
L 5.4962313 -0.9923622 7.91299213 -0.9923622 0 P 100 
L 3.94817431 -0.9923622 5.38008297 -0.9923622 0 P 100 
