#
#Feature symbol names
#
$0 r5.6

#
#Feature attribute names
#
@0 .imp_line

#
#Layer features
#
L 0.97391604 2.39912205 0.97391604 2.39517205 0 P 27 ;0
L 0.97391604 2.39517205 0.99202303 2.37706604 0 P 27 ;0
L 0.99202303 2.37706604 0.99202303 2.357575 0 P 27 ;0
L 0.99202303 2.357575 0.9589312 2.32448317 0 P 27 ;0
L 0.9589312 2.32448317 0.52464616 2.32448317 0 P 27 ;0
L 0.52464616 2.32448317 0.40873219 2.44039724 0 P 27 ;0
L 0.40873219 2.44039724 0.35110079 2.44039724 0 P 27 ;0
L 0.35110079 2.44039724 0.34636496 2.44513297 0 P 27 ;0
L 0.34636496 2.44513297 0.34636496 2.46047096 0 P 27 ;0
L 0.97391604 2.436525 0.97391604 2.43850502 0 P 27 ;0
L 0.97391604 2.43850502 0.99300699 2.45759596 0 P 27 ;0
L 0.99300699 2.45759596 0.99300699 2.47489203 0 P 27 ;0
L 0.99300699 2.47489203 0.99300699 2.49328091 0 P 27 ;0
L 0.99300699 2.49328091 1.12666703 2.62694094 0 P 27 ;0
L 1.12666703 2.62694094 1.12666703 2.62851299 0 P 27 ;0
L 1.00600699 2.47489203 1.00600699 2.48789557 0 P 27 ;0
L 1.00600699 2.48789557 1.14025502 2.6221436 0 P 27 ;0
L 1.14025502 2.6221436 1.14025502 2.63630896 0 P 27 ;0
L 1.02313002 2.39912205 1.02313002 2.39517205 0 P 27 ;0
L 1.02313002 2.39517205 1.00502303 2.37706604 0 P 27 ;0
L 1.00502303 2.37706604 1.00502303 2.35218996 0 P 27 ;0
L 1.00502303 2.35218996 0.96431585 2.31148278 0 P 27 ;0
L 0.96431585 2.31148278 0.51926142 2.31148278 0 P 27 ;0
L 0.51926142 2.31148278 0.40334724 2.42739685 0 P 27 ;0
L 0.40334724 2.42739685 0.35030276 2.42739685 0 P 27 ;0
L 0.35030276 2.42739685 0.34636496 2.42346004 0 P 27 ;0
L 0.34636496 2.42346004 0.34636496 2.40732205 0 P 27 ;0
L 1.02313002 2.436525 1.02509705 2.436525 0 P 27 ;0
L 1.02509705 2.436525 1.02509705 2.43750797 0 P 27 ;0
L 1.02509705 2.43750797 1.02559596 2.43800699 0 P 27 ;0
L 1.02559596 2.43800699 1.00600699 2.45759596 0 P 27 ;0
L 1.00600699 2.45759596 1.00600699 2.47489203 0 P 27 ;0
L 1.05459104 2.47489203 1.05459104 2.36706506 0 P 27 ;0
L 1.05459104 2.36706506 1.01884301 2.33131713 0 P 27 ;0
L 1.01884301 2.33131713 1.01884301 2.31586004 0 P 27 ;0
L 1.01884301 2.31586004 0.99975295 2.29676998 0 P 27 ;0
L 0.99975295 2.29676998 0.99975295 2.29478701 0 P 27 ;0
L 1.06759104 2.47489203 1.06759104 2.36167992 0 P 27 ;0
L 1.06759104 2.36167992 1.03184301 2.32593189 0 P 27 ;0
L 1.03184301 2.32593189 1.03184301 2.31586004 0 P 27 ;0
L 1.03184301 2.31586004 1.05093504 2.29676998 0 P 27 ;0
L 1.05093504 2.29676998 1.05093504 2.29478701 0 P 27 ;0
L 1.14025502 2.68748996 1.16584498 2.68748996 0 P 27 ;0
L 1.16584498 2.68748996 1.17864104 2.70028504 0 P 27 ;0
L 1.15284498 2.61695098 1.15284498 2.60563081 0 P 27 ;0
L 1.15284498 2.60563081 1.05459104 2.50737697 0 P 27 ;0
L 1.05459104 2.50737697 1.05459104 2.47489203 0 P 27 ;0
L 1.16584498 2.63630896 1.16584498 2.60024557 0 P 27 ;0
L 1.16584498 2.60024557 1.06759104 2.50199163 0 P 27 ;0
L 1.06759104 2.50199163 1.06759104 2.47489203 0 P 27 ;0
L 2.25639705 3.159931 2.27805 3.159931 0 P 27 ;0
L 2.77581201 1.33903504 2.77548504 1.33903504 0 P 27 ;0
L 2.77548504 1.33903504 2.7686502 1.34586978 0 P 27 ;0
L 2.7686502 1.34586978 2.58406762 1.34586978 0 P 27 ;0
L 2.58406762 1.34586978 2.51854557 1.41139183 0 P 27 ;0
L 2.51854557 1.41139183 2.21317254 1.41139183 0 P 27 ;0
L 2.21317254 1.41139183 1.9663628 1.65820167 0 P 27 ;0
L 1.9663628 1.65820167 1.9663628 1.77387283 0 P 27 ;0
L 1.9663628 1.77387283 1.79798583 1.9422498 0 P 27 ;0
L 1.79798583 1.9422498 1.08935659 1.9422498 0 P 27 ;0
L 1.08935659 1.9422498 1.01884282 2.01276358 0 P 27 ;0
L 1.01884282 2.01276358 1.01884282 2.23631319 0 P 27 ;0
L 1.01884282 2.23631319 0.99975295 2.25540502 0 P 27 ;0
L 0.99975295 2.25540502 0.99975295 2.25738504 0 P 27 ;0
L 2.77633002 1.36671496 2.77265502 1.36671496 0 P 27 ;0
L 2.77265502 1.36671496 2.76481024 1.35887018 0 P 27 ;0
L 2.76481024 1.35887018 2.58945246 1.35887018 0 P 27 ;0
L 2.58945246 1.35887018 2.52393032 1.42439222 0 P 27 ;0
L 2.52393032 1.42439222 2.21855738 1.42439222 0 P 27 ;0
L 2.21855738 1.42439222 1.97936319 1.66358642 0 P 27 ;0
L 1.97936319 1.66358642 1.97936319 1.77925768 0 P 27 ;0
L 1.97936319 1.77925768 1.80337067 1.9552502 0 P 27 ;0
L 1.80337067 1.9552502 1.09474144 1.9552502 0 P 27 ;0
L 1.09474144 1.9552502 1.03184321 2.01814843 0 P 27 ;0
L 1.03184321 2.01814843 1.03184321 2.23631319 0 P 27 ;0
L 1.03184321 2.23631319 1.05093504 2.25540502 0 P 27 ;0
L 1.05093504 2.25540502 1.05093504 2.25738504 0 P 27 ;0
L 4.49901496 0.30905502 4.52125276 0.28681624 0 P 27 ;0
L 4.52125276 0.28681624 4.52125276 0.24522982 0 P 27 ;0
L 4.52125276 0.24522982 4.50295197 0.22693002 0 P 27 ;0
L 4.50295197 0.22693002 4.50295197 0.21653504 0 P 27 ;0
L 4.49901496 0.36220502 4.49901496 0.30905502 0 P 27 ;0
L 4.51351004 0.39713002 4.49901496 0.38263504 0 P 27 ;0
L 4.49901496 0.38263504 4.49901496 0.36220502 0 P 27 ;0
L 4.54116102 0.39576801 4.55413297 0.38279596 0 P 27 ;0
L 4.55413297 0.38279596 4.55413297 0.36220502 0 P 27 ;0
L 4.55413297 0.30905502 4.53425315 0.2891752 0 P 27 ;0
L 4.53425315 0.2891752 4.53425315 0.24340581 0 P 27 ;0
L 4.53425315 0.24340581 4.55216496 0.22549498 0 P 27 ;0
L 4.55216496 0.22549498 4.55216496 0.21653504 0 P 27 ;0
L 4.55413297 0.36220502 4.55413297 0.30905502 0 P 27 ;0
L 4.55413297 0.36220502 4.55315 0.36220502 0 P 27 ;0
L 4.69403297 6.64862096 4.72637697 6.64862096 0 P 27 ;0
L 4.71751998 6.71063002 4.73740433 6.69074272 0 P 27 ;0
L 4.73740433 6.69074272 4.73740433 6.67175226 0 P 27 ;0
L 4.73740433 6.67175226 4.72637697 6.660725 0 P 27 ;0
L 4.72637697 6.660725 4.72637697 6.64862096 0 P 27 ;0
L 4.71751998 6.76181004 4.73703986 6.74229026 0 P 27 ;0
L 4.73703986 6.74229026 4.73703986 6.7301497 0 P 27 ;0
L 4.73703986 6.7301497 4.71751998 6.71063002 0 P 27 ;0
L 4.71948701 6.84931004 4.71948701 6.83939203 0 P 27 ;0
L 4.71948701 6.83939203 4.73753878 6.82133917 0 P 27 ;0
L 4.73753878 6.82133917 4.73753878 6.78183081 0 P 27 ;0
L 4.73753878 6.78183081 4.71751998 6.76181004 0 P 27 ;0
L 4.73117795 6.53023297 4.72637697 6.53503504 0 P 27 ;0
L 4.72637697 6.53503504 4.72637697 6.57578602 0 P 27 ;0
L 4.75950797 6.53088504 4.76181004 6.53318602 0 P 27 ;0
L 4.76181004 6.53318602 4.76181004 6.57578602 0 P 27 ;0
L 4.76181004 6.64862096 4.76181004 6.660781 0 P 27 ;0
L 4.76181004 6.660781 4.75040472 6.6721873 0 P 27 ;0
L 4.75040472 6.6721873 4.75040472 6.69036565 0 P 27 ;0
L 4.75040472 6.69036565 4.77066801 6.71063002 0 P 27 ;0
L 4.7687 6.84931004 4.7687 6.83918701 0 P 27 ;0
L 4.7687 6.83918701 4.75053917 6.82102618 0 P 27 ;0
L 4.75053917 6.82102618 4.75053917 6.78193878 0 P 27 ;0
L 4.75053917 6.78193878 4.77066801 6.76181004 0 P 27 ;0
L 4.77066801 6.76181004 4.75004026 6.7411812 0 P 27 ;0
L 4.75004026 6.7411812 4.75004026 6.73125787 0 P 27 ;0
L 4.75004026 6.73125787 4.77066801 6.71063002 0 P 27 ;0
L 4.79415502 6.64862096 4.76181004 6.64862096 0 P 27 ;0
L 5.58563002 0.46063002 5.59251998 0.46751998 0 P 27 ;0
L 5.59251998 0.46751998 5.59251998 0.52263701 0 P 27 ;0
L 5.60244498 0.63921004 5.59251998 0.62928504 0 P 27 ;0
L 5.59251998 0.62928504 5.59251998 0.59547096 0 P 27 ;0
L 5.610231 0.66731801 5.62795197 0.64959705 0 P 27 ;0
L 5.62795197 0.64959705 5.62795197 0.59547096 0 P 27 ;0
L 5.63287303 0.46063002 5.62795197 0.46555 0 P 27 ;0
L 5.62795197 0.46555 5.62795197 0.52263701 0 P 27 ;0
L 5.694881 0.30118002 5.694881 0.33123996 0 P 27 ;0
L 5.694881 0.33123996 5.69822283 0.33458278 0 P 27 ;0
L 5.69822283 0.33458278 5.69822283 0.37119183 0 P 27 ;0
L 5.69822283 0.37119183 5.67080679 0.39860778 0 P 27 ;0
L 5.67080679 0.39860778 5.63324291 0.39860778 0 P 27 ;0
L 5.63324291 0.39860778 5.60268583 0.42916486 0 P 27 ;0
L 5.60268583 0.42916486 5.60268583 0.44448622 0 P 27 ;0
L 5.60268583 0.44448622 5.58654498 0.46063002 0 P 27 ;0
L 5.58654498 0.46063002 5.58563002 0.46063002 0 P 27 ;0
L 5.71456604 0.30118002 5.71456604 0.33096998 0 P 27 ;0
L 5.71456604 0.33096998 5.71122323 0.33431181 0 P 27 ;0
L 5.71122323 0.33431181 5.71122323 0.37657667 0 P 27 ;0
L 5.71122323 0.37657667 5.67619173 0.41160817 0 P 27 ;0
L 5.67619173 0.41160817 5.63862805 0.41160817 0 P 27 ;0
L 5.63862805 0.41160817 5.61568622 0.4345501 0 P 27 ;0
L 5.61568622 0.4345501 5.61568622 0.44355719 0 P 27 ;0
L 5.61568622 0.44355719 5.63276004 0.46063002 0 P 27 ;0
L 5.63276004 0.46063002 5.63287303 0.46063002 0 P 27 ;0
L 5.75393602 0.30118002 5.75393602 0.26839104 0 P 27 ;0
L 5.75393602 0.26839104 5.75774685 0.26458022 0 P 27 ;0
L 5.75774685 0.26458022 5.75774685 0.23018681 0 P 27 ;0
L 5.75774685 0.23018681 5.74763701 0.22007795 0 P 27 ;0
L 5.77362096 0.30118002 5.77362096 0.26843002 0 P 27 ;0
L 5.77362096 0.26843002 5.77074724 0.26555522 0 P 27 ;0
L 5.77074724 0.26555522 5.77074724 0.23279478 0 P 27 ;0
L 5.77074724 0.23279478 5.78346496 0.22007795 0 P 27 ;0
