#
#Feature symbol names
#
$0 r4.72
$1 r6

#
#Layer features
#
L 5.23050955 11.22874833 5.23050955 10.59882707 1 P 2 
L 5.23050955 10.59882707 4.60058829 10.59882707 1 P 2 
A 4.60058829 10.59882707 4.44310797 10.44134675 4.60058829 10.44134675 1 P 3 N
A 4.1084623 4.29961447 4.26594262 4.14213415 4.26594262 4.29961447 1 P 3 N
A 4.26594262 11.22874833 4.1084623 11.07126801 4.26594262 11.07126801 1 P 3 N
L 4.26594262 4.14213415 4.44310797 4.14213415 1 P 5 
L 4.26594262 11.22874833 4.44310797 11.22874833 1 P 5 
L 4.1084623 11.07126801 4.1084623 4.29961447 1 P 6 
L 4.44310797 4.14213415 4.44310797 10.44134675 1 P 7 
A 10.958856 4.14213415 11.11633632 4.29961447 10.958856 4.29961447 1 P 3 N
L 10.958856 4.14213415 10.78169065 4.14213415 1 P 5 
A 11.11633632 11.07126801 10.958856 11.22874833 10.958856 11.07126801 1 P 3 N
L 10.958856 11.22874833 10.78169065 11.22874833 1 P 5 
L 11.11633632 11.07126801 11.11633632 6.44311929 1 P 4 
L 5.23050955 11.22874833 4.44310797 11.22874833 1 P 9 
L 10.78169065 11.22874833 10.78169065 4.14213415 1 P 1 
L 5.23050955 10.78583494 5.23050955 10.94331526 1 P 11 
L 4.44310797 10.12638612 4.44310797 10.28386644 1 P 11 
L 4.44310797 4.37835463 4.44310797 4.53583494 1 P 11 
L 4.44310797 8.70906329 4.44310797 8.8665436 1 P 11 
L 10.78169065 11.07126801 10.78169065 10.9137877 1 P 11 
L 10.78169065 4.6145751 10.78169065 4.45709478 1 P 11 
L 10.78169065 7.2130003 10.78169065 7.05551998 1 P 11 
L 10.78169065 8.47284282 10.78169065 8.3153625 1 P 11 
L 10.78169065 9.73268533 10.78169065 9.57520502 1 P 11 
L 10.78169065 5.95315778 10.78169065 5.79567746 1 P 11 
L 4.44310797 5.79567746 4.44310797 5.95315778 1 P 11 
L 4.44310797 7.25237037 4.44310797 7.40985069 1 P 11 
A 11.07696624 6.40382264 11.11633632 6.44319272 11.11633632 6.40382264 1 P 13 Y
A 11.11633632 6.36445256 11.07696624 6.40382264 11.11633632 6.40382264 1 P 13 Y
L 11.11633632 6.36452598 11.11633632 4.2996065 1 P 8 
L 4.46673002 10.26024439 4.49822608 10.26024439 1 P 0 
A 4.44310797 10.28386644 4.46673002 10.26024439 4.46673002 10.28386644 1 P 0 N
A 4.52184813 10.28386644 4.49822608 10.26024439 4.49822608 10.28386644 0 P 0 Y
L 4.46673002 8.84292156 4.49822608 8.84292156 1 P 0 
A 4.44310797 8.8665436 4.46673002 8.84292156 4.46673002 8.8665436 1 P 0 N
A 4.52184813 8.8665436 4.49822608 8.84292156 4.49822608 8.8665436 0 P 0 Y
L 4.46673002 7.38622864 4.49822608 7.38622864 1 P 0 
A 4.44310797 7.40985069 4.46673002 7.38622864 4.46673002 7.40985069 1 P 0 N
A 4.52184813 7.40985069 4.49822608 7.38622864 4.49822608 7.40985069 0 P 0 Y
L 4.46673002 5.92953573 4.49822608 5.92953573 1 P 0 
A 4.44310797 5.95315778 4.46673002 5.92953573 4.46673002 5.95315778 1 P 0 N
A 4.52184813 5.95315778 4.49822608 5.92953573 4.49822608 5.95315778 0 P 0 Y
L 4.46673002 4.51221289 4.49822608 4.51221289 1 P 0 
A 4.44310797 4.53583494 4.46673002 4.51221289 4.46673002 4.53583494 1 P 0 N
A 4.52184813 4.53583494 4.49822608 4.51221289 4.49822608 4.53583494 0 P 0 Y
L 4.49822608 10.15000817 4.46673002 10.15000817 1 P 0 
A 4.44310797 10.12638612 4.46673002 10.15000817 4.46673002 10.12638612 1 P 0 Y
A 4.49822608 10.15000817 4.52184813 10.12638612 4.49822608 10.12638612 1 P 0 Y
L 4.49822608 8.73268533 4.46673002 8.73268533 1 P 0 
A 4.44310797 8.70906329 4.46673002 8.73268533 4.46673002 8.70906329 1 P 0 Y
A 4.49822608 8.73268533 4.52184813 8.70906329 4.49822608 8.70906329 1 P 0 Y
L 4.49822608 7.27599242 4.46673002 7.27599242 1 P 0 
A 4.44310797 7.25237037 4.46673002 7.27599242 4.46673002 7.25237037 1 P 0 Y
A 4.49822608 7.27599242 4.52184813 7.25237037 4.49822608 7.25237037 1 P 0 Y
L 4.49822608 5.81929951 4.46673002 5.81929951 1 P 0 
A 4.44310797 5.79567746 4.46673002 5.81929951 4.46673002 5.79567746 1 P 0 Y
A 4.49822608 5.81929951 4.52184813 5.79567746 4.49822608 5.79567746 1 P 0 Y
L 4.49822608 4.40197667 4.46673002 4.40197667 1 P 0 
A 4.44310797 4.37835463 4.46673002 4.40197667 4.46673002 4.37835463 1 P 0 Y
A 4.49822608 4.40197667 4.52184813 4.37835463 4.49822608 4.37835463 1 P 0 Y
L 10.72657116 11.04764596 10.7580686 11.04764596 1 P 28 
L 10.72657116 9.70906329 10.7580686 9.70906329 1 P 0 
A 10.70294911 11.07126801 10.72657116 11.04764596 10.72657116 11.07126801 0 P 24 N
A 10.7580686 11.04764596 10.78169065 11.07126801 10.7580686 11.07126801 1 P 29 N
A 10.70294911 9.73268533 10.72657116 9.70906329 10.72657116 9.73268533 0 P 0 N
A 10.78169065 9.73268533 10.7580686 9.70906329 10.7580686 9.73268533 1 P 0 Y
L 10.72657116 8.44922077 10.7580686 8.44922077 1 P 0 
A 10.70294911 8.47284282 10.72657116 8.44922077 10.72657116 8.47284282 0 P 0 N
A 10.78169065 8.47284282 10.7580686 8.44922077 10.7580686 8.47284282 1 P 0 Y
L 10.72657116 7.18937825 10.7580686 7.18937825 1 P 0 
A 10.70294911 7.2130003 10.72657116 7.18937825 10.72657116 7.2130003 0 P 0 N
A 10.78169065 7.2130003 10.7580686 7.18937825 10.7580686 7.2130003 1 P 0 Y
L 10.72657116 5.92953573 10.7580686 5.92953573 1 P 0 
A 10.70294911 5.95315778 10.72657116 5.92953573 10.72657116 5.95315778 0 P 0 N
A 10.78169065 5.95315778 10.7580686 5.92953573 10.7580686 5.95315778 1 P 0 Y
L 10.72657116 4.59095305 10.7580686 4.59095305 1 P 0 
A 10.70294911 4.6145751 10.72657116 4.59095305 10.72657116 4.6145751 0 P 0 N
A 10.78169065 4.6145751 10.7580686 4.59095305 10.7580686 4.6145751 1 P 0 Y
L 10.7580686 9.59882707 10.72657116 9.59882707 1 P 0 
A 10.70294911 9.57520502 10.72657116 9.59882707 10.72657116 9.57520502 0 P 0 Y
A 10.7580686 9.59882707 10.78169065 9.57520502 10.7580686 9.57520502 1 P 0 Y
L 10.7580686 8.33898455 10.72657116 8.33898455 1 P 0 
A 10.70294911 8.3153625 10.72657116 8.33898455 10.72657116 8.3153625 0 P 0 Y
A 10.7580686 8.33898455 10.78169065 8.3153625 10.7580686 8.3153625 1 P 0 Y
L 10.7580686 7.07914203 10.72657116 7.07914203 1 P 0 
A 10.70294911 7.05551998 10.72657116 7.07914203 10.72657116 7.05551998 0 P 0 Y
A 10.7580686 7.07914203 10.78169065 7.05551998 10.7580686 7.05551998 1 P 0 Y
L 10.7580686 5.81929951 10.72657116 5.81929951 1 P 0 
A 10.70294911 5.79567746 10.72657116 5.81929951 10.72657116 5.79567746 0 P 0 Y
A 10.7580686 5.81929951 10.78169065 5.79567746 10.7580686 5.79567746 1 P 0 Y
L 10.7580686 4.48071683 10.72657116 4.48071683 1 P 0 
A 10.70294911 4.45709478 10.72657116 4.48071683 10.72657116 4.45709478 0 P 0 Y
A 10.7580686 4.48071683 10.78169065 4.45709478 10.7580686 4.45709478 1 P 0 Y
L 5.28562707 10.80945699 5.25413159 10.80945699 1 P 0 
A 5.23050955 10.78583494 5.25413159 10.80945699 5.25413159 10.78583494 1 P 0 Y
A 5.28562707 10.80945699 5.30924911 10.78583494 5.28562707 10.78583494 1 P 0 Y
L 5.25413159 10.91969321 5.28562707 10.91969321 1 P 0 
A 5.23050955 10.94331526 5.25413159 10.91969321 5.25413159 10.94331526 1 P 0 N
A 5.30924911 10.94331526 5.28562707 10.91969321 5.28562707 10.94331526 0 P 0 Y
L 10.7580686 10.93740974 10.72657116 10.93740974 1 P 28 
A 10.70294911 10.9137877 10.72657116 10.93740974 10.72657116 10.9137877 0 P 24 Y
A 10.7580686 10.93740974 10.78169065 10.9137877 10.7580686 10.9137877 1 P 29 Y
