#
#Feature symbol names
#
$0 r9.843

#
#Layer features
#
L 0.55464567 1.52768898 0.55464567 2.39023622 0 P 78 
L 0.25570866 2.68917323 0.55464567 2.39023622 0 P 78 
L 0.52511811 1.53992126 0.52511811 2.37800394 0 P 78 
L 0.2261811 2.67694094 0.52511811 2.37800394 0 P 78 
L 0.25570866 2.68917323 0.25570866 3.20678346 0 P 78 
L 0.45215354 3.40322835 1.66114173 3.40322835 0 P 78 
L 0.25570866 3.20678346 0.45215354 3.40322835 0 P 78 
L 0.2261811 2.67694094 0.2261811 3.21901575 0 P 78 
L 0.43992126 3.43275591 1.64890945 3.43275591 0 P 78 
L 0.2261811 3.21901575 0.43992126 3.43275591 0 P 78 
L 1.58221654 3.50177165 1.92308268 3.8426378 0 P 78 
L 0.40728346 3.50177165 1.58221654 3.50177165 0 P 78 
L 0.14129921 3.2357874 0.40728346 3.50177165 0 P 78 
L 0.17082677 3.22355512 0.41951575 3.47224409 0 P 78 
L 1.59444882 3.47224409 1.93531496 3.81311024 0 P 78 
L 0.41951575 3.47224409 1.59444882 3.47224409 0 P 78 
L 1.66114173 3.40322835 1.99681102 3.73889764 0 P 78 
L 1.64890945 3.43275591 1.98457874 3.7684252 0 P 78 
L 3.23952756 3.8426378 3.32153543 3.92464567 0 P 78 
L 1.92308268 3.8426378 3.23952756 3.8426378 0 P 78 
L 1.93531496 3.81311024 3.25175984 3.81311024 0 P 78 
L 3.25175984 3.81311024 3.36899606 3.93034646 0 P 78 
L 3.31385827 3.7684252 3.41996063 3.87452756 0 P 78 
L 1.98457874 3.7684252 3.31385827 3.7684252 0 P 78 
L 1.99681102 3.73889764 3.32609055 3.73889764 0 P 78 
L 3.32609055 3.73889764 3.44948819 3.86229528 0 P 78 
L 0.14129921 2.63013386 0.14129921 3.2357874 0 P 78 
L 0.43208661 1.59941339 0.43208661 2.33934252 0 P 78 
L 0.14129921 2.63013386 0.43208661 2.33934252 0 P 78 
L 3.27291339 4.0754252 3.32153543 4.02680315 0 P 78 
L 3.32153543 3.92464567 3.32153543 4.02680315 0 P 78 
L 0.48295276 0.84299213 0.49290157 0.83304331 0 P 78 
L 0.51198819 0.81395669 0.51198819 0.81395669 0 P 78 
L 0.49290157 0.83304331 0.49290157 0.83304331 0 P 78 
L 0.49290157 0.83304331 0.51198819 0.81395669 0 P 78 
L 0.51198819 0.81395669 0.58161417 0.74433071 0 P 78 
L 0.58161417 0.44944882 0.58161417 0.74433071 0 P 78 
L 0.51377953 0.38161417 0.58161417 0.44944882 0 P 78 
L 0.42925197 0.38161417 0.51377953 0.38161417 0 P 78 
L 0.43529134 0.50984252 0.455 0.50984252 0 P 78 
L 0.21427165 1.38159449 0.43208661 1.59941339 0 P 78 
L 0.21369685 1.38159449 0.21427165 1.38159449 0 P 78 
L -0.07090551 1.09699606 0.21369685 1.38159449 0 P 78 
L -0.07090551 0.93934252 -0.03938976 0.90782677 0 P 78 
L -0.07090551 0.93934252 -0.07090551 1.09699606 0 P 78 
L 0.41355906 0.48811417 0.43529134 0.50984252 0 P 78 
L 0.40086614 0.48234646 0.40663386 0.48811417 0 P 78 
L 0.02544882 0.84299213 0.48295276 0.84299213 0 P 78 
L 0.40663386 0.48811417 0.41355906 0.48811417 0 P 78 
L 0.40086614 0.41 0.42925197 0.38161417 0 P 78 
L -0.03938976 0.90782677 0.02544882 0.84299213 0 P 78 
L 0.40086614 0.46196063 0.40086614 0.48234646 0 P 78 
L -0.03938976 0.90782677 -0.03938976 0.90782677 0 P 78 
L 0.40086614 0.41 0.40086614 0.46196063 0 P 78 
L 0.40086614 0.46196063 0.40086614 0.46196063 0 P 78 
L 3.36899606 3.97150787 3.37291339 3.9754252 0 P 78 
L 3.36899606 3.93034646 3.36899606 3.97150787 0 P 78 
L 0.46161417 1.5871811 0.46161417 2.3515748 0 P 78 
L 0.52422047 0.84348425 0.52422047 0.84348425 0 P 78 
L 0.49518504 0.87251969 0.52422047 0.84348425 0 P 78 
L 0.53465748 0.83304331 0.61114173 0.75656299 0 P 78 
L 0.61114173 0.43721654 0.61114173 0.75656299 0 P 78 
L 0.52422047 0.84348425 0.53465748 0.83304331 0 P 78 
L 0.52601181 0.35208661 0.61114173 0.43721654 0 P 78 
L 0.41701969 0.35208661 0.52601181 0.35208661 0 P 78 
L 0.37133858 0.47419291 0.37133858 0.48234646 0 P 78 
L 0.37133858 0.47419291 0.37133858 0.47419291 0 P 78 
L 0.37133858 0.39776772 0.41701969 0.35208661 0 P 78 
L 0.37133858 0.39776772 0.37133858 0.47419291 0 P 78 
L 0.17082677 2.6423622 0.46161417 2.3515748 0 P 78 
L 0.2265 1.35206693 0.46161417 1.5871811 0 P 78 
L 0.22592913 1.35206693 0.2265 1.35206693 0 P 78 
L 0.03767717 0.87251969 0.49518504 0.87251969 0 P 78 
L 0.17082677 2.6423622 0.17082677 3.22355512 0 P 78 
L -0.04137795 1.08476378 0.22592913 1.35206693 0 P 78 
L -0.04137795 0.9515748 -0.04137795 1.08476378 0 P 78 
L -0.00807087 0.91826772 0.03767717 0.87251969 0 P 78 
L -0.04137795 0.9515748 -0.00807087 0.91826772 0 P 78 
L 0.35974803 0.49393701 0.37133858 0.48234646 0 P 78 
L 0.33114173 0.49393701 0.35974803 0.49393701 0 P 78 
L 0.31720472 0.50787402 0.33114173 0.49393701 0 P 78 
L 0.23326772 1.24807087 0.52511811 1.53992126 0 P 78 
L 0.26279528 1.23583858 0.55464567 1.52768898 0 P 78 
L 3.47291339 3.96769291 3.47291339 3.9754252 0 P 78 
L 3.44948819 3.94426772 3.47291339 3.96769291 0 P 78 
L 3.44948819 3.86229528 3.44948819 3.94426772 0 P 78 
L 0.26279528 1.1174685 0.26279528 1.23583858 0 P 78 
L 0.26279528 1.09708268 0.26279528 1.1174685 0 P 78 
L 0.26279528 1.1174685 0.26279528 1.1174685 0 P 78 
L 0.30869685 1.0511811 0.31692913 1.0511811 0 P 78 
L 0.26279528 1.09708268 0.30869685 1.0511811 0 P 78 
L 3.46319291 4.06570866 3.47291339 4.0754252 0 P 78 
L 3.46319291 4.03224409 3.46319291 4.06570866 0 P 78 
L 3.41996063 3.87452756 3.41996063 3.98900787 0 P 78 
L 3.41996063 3.98900787 3.46319291 4.03224409 0 P 78 
L 0.23326772 1.10523622 0.23326772 1.10523622 0 P 78 
L 0.23326772 1.09708268 0.23326772 1.10523622 0 P 78 
L 0.23326772 1.10523622 0.23326772 1.24807087 0 P 78 
L 0.18736614 1.0511811 0.23326772 1.09708268 0 P 78 
L 0.17913386 1.0511811 0.18736614 1.0511811 0 P 78 
