#
#Feature symbol names
#
$0 r4.5

#
#Feature attribute names
#
@0 .imp_line

#
#Layer features
#
L 2.90009705 1.75442795 2.90009705 1.743181 0 P 26 ;0
L 2.90009705 1.743181 2.927325 1.71595502 0 P 26 ;0
L 2.91683002 1.87352303 2.91683002 1.87450699 0 P 26 ;0
L 2.91683002 1.87450699 2.93354596 1.89122303 0 P 26 ;0
L 2.93354596 1.89122303 2.93354596 1.92000797 0 P 26 ;0
L 2.93354596 1.92000797 2.95994203 1.94640502 0 P 26 ;0
L 2.95994203 1.94640502 2.95994203 1.97949104 0 P 26 ;0
L 2.95994203 1.97949104 2.9562 1.98323504 0 P 26 ;0
L 2.9562 1.98323504 2.9562 2.00442795 0 P 26 ;0
L 2.927325 1.71595502 2.927325 1.71760502 0 P 26 ;0
L 2.927325 1.71760502 2.93533602 1.72561604 0 P 26 ;0
L 2.93533602 1.72561604 2.93533602 1.81597795 0 P 26 ;0
L 2.93533602 1.81597795 2.91683002 1.83448504 0 P 26 ;0
L 2.91683002 1.83448504 2.91683002 1.83612096 0 P 26 ;0
L 2.96604203 1.83612096 2.96604203 1.83500295 0 P 26 ;0
L 2.96604203 1.83500295 2.94753602 1.81649596 0 P 26 ;0
L 2.94753602 1.81649596 2.94753602 1.72494498 0 P 26 ;0
L 2.94753602 1.72494498 2.95500797 1.71747303 0 P 26 ;0
L 2.95500797 1.71747303 2.95500797 1.71629803 0 P 26 ;0
L 2.96604203 1.87352303 2.947131 1.89243504 0 P 26 ;0
L 2.947131 1.89243504 2.947131 1.89420797 0 P 26 ;0
L 2.947131 1.89420797 2.94703504 1.89430502 0 P 26 ;0
L 2.94703504 1.89430502 2.94703504 1.91341801 0 P 26 ;0
L 2.94703504 1.91341801 2.97324104 1.939625 0 P 26 ;0
L 2.97324104 1.939625 2.97324104 1.97966102 0 P 26 ;0
L 2.97324104 1.97966102 2.97588504 1.98230502 0 P 26 ;0
L 2.97588504 1.98230502 2.97588504 2.00442795 0 P 26 ;0
L 2.97490098 1.67568799 2.95500797 1.695581 0 P 26 ;0
L 2.95500797 1.695581 2.95500797 1.71629803 0 P 26 ;0
L 2.99852303 1.75442795 2.99852303 1.74313297 0 P 26 ;0
L 2.99852303 1.74313297 3.02521004 1.71644596 0 P 26 ;0
L 3.01525502 1.83612096 3.01525502 1.83353701 0 P 26 ;0
L 3.01525502 1.83353701 3.03376102 1.81503002 0 P 26 ;0
L 3.03376102 1.81503002 3.03376102 1.72499705 0 P 26 ;0
L 3.03376102 1.72499705 3.02521004 1.71644596 0 P 26 ;0
L 3.01525502 1.87352303 3.01525502 1.87610699 0 P 26 ;0
L 3.01525502 1.87610699 3.03431998 1.89517205 0 P 26 ;0
L 3.03431998 1.89517205 3.03431998 1.91268002 0 P 26 ;0
L 3.03431998 1.91268002 3.01926496 1.92773504 0 P 26 ;0
L 3.01926496 1.92773504 3.01926496 1.97965197 0 P 26 ;0
L 3.01926496 1.97965197 3.01525502 1.98366201 0 P 26 ;0
L 3.01525502 1.98366201 3.01525502 2.00442795 0 P 26 ;0
L 3.05408701 1.71595197 3.04596102 1.72407795 0 P 26 ;0
L 3.04596102 1.72407795 3.04596102 1.81627795 0 P 26 ;0
L 3.04596102 1.81627795 3.06446801 1.83478504 0 P 26 ;0
L 3.06446801 1.83478504 3.06446801 1.83612096 0 P 26 ;0
L 3.05757795 1.67568799 3.05408701 1.67918002 0 P 26 ;0
L 3.05408701 1.67918002 3.05408701 1.71595197 0 P 26 ;0
L 3.06446801 1.87352303 3.06446801 1.87610699 0 P 26 ;0
L 3.06446801 1.87610699 3.04651998 1.89405502 0 P 26 ;0
L 3.04651998 1.89405502 3.04651998 1.91773297 0 P 26 ;0
L 3.04651998 1.91773297 3.03146496 1.93278799 0 P 26 ;0
L 3.03146496 1.93278799 3.03146496 1.98010197 0 P 26 ;0
L 3.03146496 1.98010197 3.03493996 1.98357697 0 P 26 ;0
L 3.03493996 1.98357697 3.03493996 2.00442795 0 P 26 ;0
L 3.07431004 2.00442795 3.07431004 1.98403002 0 P 26 ;0
L 3.07431004 1.98403002 3.07876998 1.97957096 0 P 26 ;0
L 3.07876998 1.97957096 3.07876998 1.95375 0 P 26 ;0
L 3.07876998 1.95375 3.13164498 1.900875 0 P 26 ;0
L 3.13164498 1.900875 3.13164498 1.89212697 0 P 26 ;0
L 3.13164498 1.89212697 3.11368002 1.87416201 0 P 26 ;0
L 3.11368002 1.87416201 3.11368002 1.87352303 0 P 26 ;0
L 3.09399498 2.00442795 3.09399498 1.9837 0 P 26 ;0
L 3.09399498 1.9837 3.09096998 1.98067303 0 P 26 ;0
L 3.09096998 1.98067303 3.09096998 1.95880295 0 P 26 ;0
L 3.09096998 1.95880295 3.14384498 1.90592795 0 P 26 ;0
L 3.14384498 1.90592795 3.14384498 1.89359498 0 P 26 ;0
L 3.14384498 1.89359498 3.16289301 1.87454596 0 P 26 ;0
L 3.16289301 1.87454596 3.16289301 1.87352303 0 P 26 ;0
L 3.09694803 1.75442795 3.09694803 1.74326604 0 P 26 ;0
L 3.09694803 1.74326604 3.12431496 1.7159 0 P 26 ;0
L 3.11368002 1.83612096 3.11368002 1.83353701 0 P 26 ;0
L 3.11368002 1.83353701 3.13218602 1.81503002 0 P 26 ;0
L 3.13218602 1.81503002 3.13218602 1.72499705 0 P 26 ;0
L 3.13218602 1.72499705 3.12431496 1.717125 0 P 26 ;0
L 3.12431496 1.717125 3.12431496 1.7159 0 P 26 ;0
L 3.13336496 2.00442795 3.13336496 1.98284803 0 P 26 ;0
L 3.13336496 1.98284803 3.13710797 1.979106 0 P 26 ;0
L 3.13710797 1.979106 3.13710797 1.95103504 0 P 26 ;0
L 3.13710797 1.95103504 3.16312697 1.92501496 0 P 26 ;0
L 3.16312697 1.92501496 3.21650098 1.92501496 0 P 26 ;0
L 3.21650098 1.92501496 3.23013996 1.91137598 0 P 26 ;0
L 3.23013996 1.91137598 3.23013996 1.89217096 0 P 26 ;0
L 3.23013996 1.89217096 3.21210502 1.87413701 0 P 26 ;0
L 3.21210502 1.87413701 3.21210502 1.87352303 0 P 26 ;0
L 3.152 1.7159 3.152 1.68546496 0 P 26 ;0
L 3.152 1.68546496 3.14222303 1.67568799 0 P 26 ;0
L 3.15305 2.00442795 3.15305 1.98271998 0 P 26 ;0
L 3.15305 1.98271998 3.14930797 1.97897598 0 P 26 ;0
L 3.14930797 1.97897598 3.14930797 1.95608701 0 P 26 ;0
L 3.14930797 1.95608701 3.168181 1.93721496 0 P 26 ;0
L 3.168181 1.93721496 3.22155502 1.93721496 0 P 26 ;0
L 3.22155502 1.93721496 3.24233996 1.91643002 0 P 26 ;0
L 3.24233996 1.91643002 3.24233996 1.893125 0 P 26 ;0
L 3.24233996 1.893125 3.26131801 1.87414596 0 P 26 ;0
L 3.26131801 1.87414596 3.26131801 1.87352303 0 P 26 ;0
L 3.16289301 1.83612096 3.16289301 1.83353701 0 P 26 ;0
L 3.16289301 1.83353701 3.14438602 1.81503002 0 P 26 ;0
L 3.14438602 1.81503002 3.14438602 1.72475 0 P 26 ;0
L 3.14438602 1.72475 3.152 1.71713602 0 P 26 ;0
L 3.152 1.71713602 3.152 1.7159 0 P 26 ;0
L 3.19340502 1.75442795 3.19340502 1.74473701 0 P 26 ;0
L 3.19340502 1.74473701 3.22196299 1.71617795 0 P 26 ;0
L 3.21210502 1.83612096 3.21210502 1.83353701 0 P 26 ;0
L 3.21210502 1.83353701 3.23061201 1.81503002 0 P 26 ;0
L 3.23061201 1.81503002 3.23061201 1.72482598 0 P 26 ;0
L 3.23061201 1.72482598 3.22196299 1.71617795 0 P 26 ;0
L 3.25109596 1.716425 3.25109596 1.69991496 0 P 26 ;0
L 3.25109596 1.69991496 3.22686998 1.67568799 0 P 26 ;0
L 3.26131801 1.83612096 3.26131801 1.83353701 0 P 26 ;0
L 3.26131801 1.83353701 3.24281201 1.81503002 0 P 26 ;0
L 3.24281201 1.81503002 3.24281201 1.72471004 0 P 26 ;0
L 3.24281201 1.72471004 3.25109596 1.716425 0 P 26 ;0
L 3.48425098 6.55905502 3.48425098 6.52139705 0 P 26 ;0
L 3.48425098 6.52139705 3.48498002 6.52066801 0 P 26 ;0
L 3.57873996 6.55905502 3.57873996 6.52139705 0 P 26 ;0
L 3.57873996 6.52139705 3.57801004 6.52066801 0 P 26 ;0
L 3.608106 6.48677598 3.59251998 6.47118996 0 P 26 ;0
L 3.59251998 6.47118996 3.59251998 6.45177096 0 P 26 ;0
L 3.68978799 6.48726004 3.70472303 6.472325 0 P 26 ;0
L 3.70472303 6.472325 3.70472303 6.45177096 0 P 26 ;0
L 3.77165295 6.57086496 3.77165295 6.53320797 0 P 26 ;0
L 3.77165295 6.53320797 3.772381 6.53248002 0 P 26 ;0
L 3.86614104 6.57086496 3.86614104 6.53320797 0 P 26 ;0
L 3.86614104 6.53320797 3.86541201 6.53248002 0 P 26 ;0
L 4.501981 3.17766604 4.49409301 3.16978002 0 P 26 ;0
L 4.49409301 3.16978002 4.49409301 3.13681004 0 P 26 ;0
L 4.55119104 3.17786496 4.55905502 3.17000098 0 P 26 ;0
L 4.55905502 3.17000098 4.55905502 3.13681004 0 P 26 ;0
L 4.72047096 4.492125 4.69432303 4.51827303 0 P 26 ;0
L 4.69432303 4.51827303 4.69097795 4.51827303 0 P 26 ;0
L 4.72047096 4.575 4.69181004 4.54633701 0 P 26 ;0
L 4.69181004 4.54633701 4.69180502 4.54633701 0 P 26 ;0
L 4.749025 3.17786496 4.74409301 3.17293297 0 P 26 ;0
L 4.74409301 3.17293297 4.74409301 3.13681004 0 P 26 ;0
L 4.79823799 3.17786496 4.80315 3.17295502 0 P 26 ;0
L 4.80315 3.17295502 4.80315 3.13681004 0 P 26 ;0
L 4.80708602 0.67913297 4.80708602 0.65948996 0 P 26 ;0
L 4.80708602 0.65948996 4.81889705 0.64768002 0 P 26 ;0
L 4.81889705 0.64768002 4.81889705 0.62401496 0 P 26 ;0
L 4.81889705 0.79724301 4.81889705 0.77771004 0 P 26 ;0
L 4.81889705 0.77771004 4.80708602 0.7659 0 P 26 ;0
L 4.80708602 0.7659 4.80708602 0.742125 0 P 26 ;0
L 4.87204596 0.79724301 4.81889705 0.79724301 0 P 26 ;0
L 4.9421 0.632531 4.93358504 0.62401496 0 P 26 ;0
L 4.93358504 0.62401496 4.90944803 0.62401496 0 P 26 ;0
L 4.94351604 0.66509104 4.93341102 0.67519596 0 P 26 ;0
L 4.93341102 0.67519596 4.90944803 0.67519596 0 P 26 ;0
L 4.94366004 0.78437205 4.93078799 0.79724301 0 P 26 ;0
L 4.93078799 0.79724301 4.90944803 0.79724301 0 P 26 ;0
L 4.94366004 0.78437205 4.95270699 0.775325 0 P 26 ;0
L 4.95270699 0.775325 4.99229705 0.775325 0 P 26 ;0
L 4.99229705 0.775325 5.00098297 0.78401004 0 P 26 ;0
L 5.00098297 0.78401004 5.00098297 0.81299104 0 P 26 ;0
L 4.94412303 0.75466496 4.95258002 0.76312096 0 P 26 ;0
L 4.95258002 0.76312096 4.99458996 0.76312096 0 P 26 ;0
L 4.99458996 0.76312096 4.99901496 0.75869498 0 P 26 ;0
L 4.99901496 0.75869498 4.99901496 0.72834498 0 P 26 ;0
L 4.94412303 0.75466496 4.93551998 0.74606201 0 P 26 ;0
L 4.93551998 0.74606201 4.90944803 0.74606201 0 P 26 ;0
L 5.11112697 4.51286299 5.10931998 4.51286299 0 P 26 ;0
L 5.10931998 4.51286299 5.08267598 4.48621998 0 P 26 ;0
L 5.11123701 4.54103297 5.10876801 4.54103297 0 P 26 ;0
L 5.10876801 4.54103297 5.08267598 4.567125 0 P 26 ;0
L 5.52558996 0.37598297 5.54433199 0.37598297 0 P 26 ;0
L 5.54433199 0.37598297 5.550631 0.38228199 0 P 26 ;0
L 5.550631 0.38228199 5.56692795 0.38228199 0 P 26 ;0
L 5.56692795 0.38228199 5.57773297 0.39308701 0 P 26 ;0
L 5.57773297 0.39308701 5.57773297 0.42688996 0 P 26 ;0
L 5.57773297 0.42688996 5.54596201 0.45866004 0 P 26 ;0
L 5.54596201 0.45866004 5.543306 0.45866004 0 P 26 ;0
L 5.60275502 0.38228199 5.58993297 0.39510502 0 P 26 ;0
L 5.58993297 0.39510502 5.58993297 0.42457795 0 P 26 ;0
L 5.58993297 0.42457795 5.62401496 0.45866004 0 P 26 ;0
L 5.60275502 0.38228199 5.60171496 0.38228199 0 P 26 ;0
L 5.62952697 0.22007795 5.62204596 0.21259705 0 P 26 ;0
L 5.62204596 0.21259705 5.62204596 0.17913297 0 P 26 ;0
L 5.64401496 0.37263701 5.61240098 0.37263701 0 P 26 ;0
L 5.61240098 0.37263701 5.60275502 0.38228199 0 P 26 ;0
L 5.66535295 0.22007795 5.67126004 0.21417205 0 P 26 ;0
L 5.67126004 0.21417205 5.67126004 0.17913297 0 P 26 ;0
L 5.7 0.285 5.66797598 0.285 0 P 26 ;0
L 5.66797598 0.285 5.64646703 0.26348996 0 P 26 ;0
L 5.64646703 0.26348996 5.64646703 0.23701801 0 P 26 ;0
L 5.64646703 0.23701801 5.62952697 0.22007795 0 P 26 ;0
L 5.755 0.175 5.70991998 0.22007795 0 P 26 ;0
L 5.70991998 0.22007795 5.66535295 0.22007795 0 P 26 ;0
