#
#Feature symbol names
#
$0 r19.685
$1 r39.37
$2 ronghe_copper_style_left

#
#Layer features
#
P 0 0 2 P 0 0
S N 0
OB -0.16810492126 -0.472893799213 I
OS -0.168083562992 0.474289173228
OC -0.101622637795 0.542076771654 -0.09842273622 0.472465551181 Y
OS 0.102320570866 0.54203769685
OC 0.16811023622 0.472250295276 0.098425295276 0.472461318898 Y
OS 0.168103444882 -0.473183661417
OC 0.10055738189 -0.542076771654 0.098423818898 -0.472425688976 Y
OS -0.10104734252 -0.542058464567
OC -0.168103444882 -0.473183661417 -0.098424606299 -0.47242480315 Y
OC -0.16810492126 -0.472893799213 -0.14310492126 -0.472911417323 Y
OE
SE
L 0.06889744 0.05170295 0.06889744 -0.46010807 1 P 0 
L 0.06889744 0.13044331 0.06889744 -0.38136772 1 P 0 
L 0.06889744 0.20918366 0.06889744 -0.30262736 1 P 0 
L 0.06889744 0.47253937 0.06889744 0.24855512 1 P 0 
L 0.06889744 -0.34199882 0.06889744 -0.47253937 1 P 0 
L 0.06889744 0.47253937 0.06889744 0.16981476 1 P 0 
L 0.06889744 -0.10577776 0.06889744 -0.47253937 1 P 0 
L 0.06889744 0.28792402 0.06889744 -0.22388701 1 P 0 
L 0.06889744 0.47253937 0.06889744 0.40603583 1 P 0 
L 0.06889744 -0.18451811 0.06889744 -0.47253937 1 P 0 
L 0.06889744 0.36666437 0.06889744 -0.14514665 1 P 0 
L 0.06889744 -0.26325846 0.06889744 -0.47253937 1 P 0 
L 0.06889744 0.44540472 0.06889744 -0.0664063 1 P 0 
L 0.06889744 0.47253937 0.06889744 0.09107441 1 P 0 
L 0.06889744 0.47253937 0.06889744 0.32729547 1 P 0 
L 0.06889744 -0.42073917 0.06889744 -0.47253937 1 P 0 
L 0.06889744 -0.0270374 0.06889744 -0.47253937 1 P 0 
L 0.06889744 0.47253937 0.06889744 0.01233406 1 P 0 
L -0.00984291 0.47253937 -0.00984291 0.40603583 1 P 0 
L -0.00984291 0.47253937 -0.00984291 0.32729547 1 P 0 
L -0.00984291 -0.42073917 -0.00984291 -0.47253937 1 P 0 
L -0.00984291 -0.34199882 -0.00984291 -0.47253937 1 P 0 
L -0.00984291 -0.18451811 -0.00984291 -0.47253937 1 P 0 
L -0.00984291 -0.26325846 -0.00984291 -0.47253937 1 P 0 
L -0.00984291 0.05170295 -0.00984291 -0.46010807 1 P 0 
L -0.00984291 -0.10577776 -0.00984291 -0.47253937 1 P 0 
L -0.00984291 0.28792402 -0.00984291 -0.22388701 1 P 0 
L -0.00984291 0.47253937 -0.00984291 0.09107441 1 P 0 
L -0.00984291 0.36666437 -0.00984291 -0.14514665 1 P 0 
L -0.00984291 0.47253937 -0.00984291 0.16981476 1 P 0 
L -0.00984291 -0.0270374 -0.00984291 -0.47253937 1 P 0 
L -0.00984291 0.47253937 -0.00984291 0.01233406 1 P 0 
L -0.00984291 0.47253937 -0.00984291 0.24855512 1 P 0 
L -0.00984291 0.44540472 -0.00984291 -0.0664063 1 P 0 
L -0.00984291 0.13044331 -0.00984291 -0.38136772 1 P 0 
L -0.00984291 0.20918366 -0.00984291 -0.30262736 1 P 0 
L -0.08858327 0.47253937 -0.08858327 0.01233406 1 P 0 
L -0.08858327 0.47253937 -0.08858327 0.32729547 1 P 0 
L -0.08858327 -0.10577776 -0.08858327 -0.47253937 1 P 0 
L -0.08858327 0.44540472 -0.08858327 -0.0664063 1 P 0 
L -0.08858327 0.47253937 -0.08858327 0.24855512 1 P 0 
L -0.08858327 0.47253937 -0.08858327 0.09107441 1 P 0 
L -0.08858327 0.28792402 -0.08858327 -0.22388701 1 P 0 
L -0.08858327 -0.42073917 -0.08858327 -0.47253937 1 P 0 
L -0.08858327 -0.34199882 -0.08858327 -0.47253937 1 P 0 
L -0.08858327 0.36666437 -0.08858327 -0.14514665 1 P 0 
L -0.08858327 0.20918366 -0.08858327 -0.30262736 1 P 0 
L -0.08858327 0.47253937 -0.08858327 0.16981476 1 P 0 
L -0.08858327 -0.0270374 -0.08858327 -0.47253937 1 P 0 
L -0.08858327 -0.18451811 -0.08858327 -0.47253937 1 P 0 
L -0.08858327 0.47253937 -0.08858327 0.40603583 1 P 0 
L -0.08858327 -0.26325846 -0.08858327 -0.47253937 1 P 0 
L -0.08858327 0.13044331 -0.08858327 -0.38136772 1 P 0 
L -0.08858327 0.05170295 -0.08858327 -0.46010807 1 P 0 
L -0.09852362 0.42572028 0.09852362 0.42572028 1 P 0 
L -0.09852362 0.42572028 0.00984154 0.42572028 1 P 0 
L -0.09852362 0.42572028 0.09852362 0.42572028 1 P 0 
L -0.09852362 0.42572028 0.08858189 0.42572028 1 P 0 
L -0.09852362 0.42572028 -0.06889882 0.42572028 1 P 0 
L -0.09852362 0.42572028 0.09852362 0.42572028 1 P 0 
L -0.02952736 0.42572028 0.09852362 0.42572028 1 P 0 
L -0.09852362 0.42572028 0.09852362 0.42572028 1 P 0 
L 0.04921299 0.42572028 0.09852362 0.42572028 1 P 0 
L -0.09852362 0.34697992 0.09852362 0.34697992 1 P 0 
L -0.02952736 0.34697992 0.09852362 0.34697992 1 P 0 
L -0.09852362 0.34697992 0.08858189 0.34697992 1 P 0 
L -0.09852362 0.34697992 0.09852362 0.34697992 1 P 0 
L 0.04921299 0.34697992 0.09852362 0.34697992 1 P 0 
L -0.09852362 0.34697992 0.09852362 0.34697992 1 P 0 
L -0.09852362 0.34697992 0.00984154 0.34697992 1 P 0 
L -0.09852362 0.34697992 -0.06889882 0.34697992 1 P 0 
L -0.09852362 0.34697992 0.09852362 0.34697992 1 P 0 
L -0.09852362 0.26823957 -0.06889882 0.26823957 1 P 0 
L -0.09852362 0.26823957 0.09852362 0.26823957 1 P 0 
L -0.09852362 0.26823957 0.00984154 0.26823957 1 P 0 
L -0.02952736 0.26823957 0.09852362 0.26823957 1 P 0 
L -0.09852362 0.26823957 0.08858189 0.26823957 1 P 0 
L -0.09852362 0.26823957 0.09852362 0.26823957 1 P 0 
L 0.04921299 0.26823957 0.09852362 0.26823957 1 P 0 
L -0.09852362 0.26823957 0.09852362 0.26823957 1 P 0 
L -0.09852362 0.26823957 0.09852362 0.26823957 1 P 0 
L -0.09852362 0.18949921 -0.06889882 0.18949921 1 P 0 
L -0.09852362 0.18949921 0.09852362 0.18949921 1 P 0 
L -0.09852362 0.18949921 0.09852362 0.18949921 1 P 0 
L -0.09852362 0.18949921 0.09852362 0.18949921 1 P 0 
L -0.09852362 0.18949921 0.09852362 0.18949921 1 P 0 
L -0.09852362 0.18949921 0.00984154 0.18949921 1 P 0 
L 0.04921299 0.18949921 0.09852362 0.18949921 1 P 0 
L -0.09852362 0.18949921 0.08858189 0.18949921 1 P 0 
L -0.02952736 0.18949921 0.09852362 0.18949921 1 P 0 
L -0.02952736 0.11075886 0.09852362 0.11075886 1 P 0 
L -0.09852362 0.11075886 0.00984154 0.11075886 1 P 0 
L -0.09852362 0.11075886 0.09852362 0.11075886 1 P 0 
L -0.09852362 0.11075886 0.09852362 0.11075886 1 P 0 
L -0.09852362 0.11075886 -0.06889882 0.11075886 1 P 0 
L 0.04921299 0.11075886 0.09852362 0.11075886 1 P 0 
L -0.09852362 0.11075886 0.08858189 0.11075886 1 P 0 
L -0.09852362 0.11075886 0.09852362 0.11075886 1 P 0 
L -0.09852362 0.11075886 0.09852362 0.11075886 1 P 0 
L -0.09852362 0.0320185 0.09852362 0.0320185 1 P 0 
L -0.09852362 0.0320185 0.09852362 0.0320185 1 P 0 
L -0.09852362 0.0320185 0.09852362 0.0320185 1 P 0 
L -0.02952736 0.0320185 0.09852362 0.0320185 1 P 0 
L 0.04921299 0.0320185 0.09852362 0.0320185 1 P 0 
L -0.09852362 0.0320185 0.00984154 0.0320185 1 P 0 
L -0.09852362 0.0320185 0.09852362 0.0320185 1 P 0 
L -0.09852362 0.0320185 0.08858189 0.0320185 1 P 0 
L -0.09852362 0.0320185 -0.06889882 0.0320185 1 P 0 
L -0.09852362 -0.04672185 0.09852362 -0.04672185 1 P 0 
L 0.04921299 -0.04672185 0.09852362 -0.04672185 1 P 0 
L -0.02952736 -0.04672185 0.09852362 -0.04672185 1 P 0 
L -0.09852362 -0.04672185 0.09852362 -0.04672185 1 P 0 
L -0.09852362 -0.04672185 -0.06889882 -0.04672185 1 P 0 
L -0.09852362 -0.04672185 0.09852362 -0.04672185 1 P 0 
L -0.09852362 -0.04672185 0.09852362 -0.04672185 1 P 0 
L -0.09852362 -0.04672185 0.08858189 -0.04672185 1 P 0 
L -0.09852362 -0.04672185 0.00984154 -0.04672185 1 P 0 
L -0.09852362 -0.1254622 -0.06889882 -0.1254622 1 P 0 
L 0.04921299 -0.1254622 0.09852362 -0.1254622 1 P 0 
L -0.02952736 -0.1254622 0.09852362 -0.1254622 1 P 0 
L -0.09852362 -0.1254622 0.09852362 -0.1254622 1 P 0 
L -0.09852362 -0.1254622 0.09852362 -0.1254622 1 P 0 
L -0.09852362 -0.1254622 0.09852362 -0.1254622 1 P 0 
L -0.09852362 -0.1254622 0.09852362 -0.1254622 1 P 0 
L -0.09852362 -0.1254622 0.08858189 -0.1254622 1 P 0 
L -0.09852362 -0.1254622 0.00984154 -0.1254622 1 P 0 
L -0.09852362 -0.20420256 -0.06889882 -0.20420256 1 P 0 
L 0.04921299 -0.20420256 0.09852362 -0.20420256 1 P 0 
L -0.02952736 -0.20420256 0.09852362 -0.20420256 1 P 0 
L -0.09852362 -0.20420256 0.09852362 -0.20420256 1 P 0 
L -0.09852362 -0.20420256 0.09852362 -0.20420256 1 P 0 
L -0.09852362 -0.20420256 0.09852362 -0.20420256 1 P 0 
L -0.09852362 -0.20420256 0.09852362 -0.20420256 1 P 0 
L -0.09852362 -0.20420256 0.08858189 -0.20420256 1 P 0 
L -0.09852362 -0.20420256 0.00984154 -0.20420256 1 P 0 
L -0.09852362 -0.28294291 0.09852362 -0.28294291 1 P 0 
L 0.04921299 -0.28294291 0.09852362 -0.28294291 1 P 0 
L -0.02952736 -0.28294291 0.09852362 -0.28294291 1 P 0 
L -0.09852362 -0.28294291 0.09852362 -0.28294291 1 P 0 
L -0.09852362 -0.28294291 -0.06889882 -0.28294291 1 P 0 
L -0.09852362 -0.28294291 0.09852362 -0.28294291 1 P 0 
L -0.09852362 -0.28294291 0.09852362 -0.28294291 1 P 0 
L -0.09852362 -0.28294291 0.08858189 -0.28294291 1 P 0 
L -0.09852362 -0.28294291 0.00984154 -0.28294291 1 P 0 
L -0.09852362 -0.36168327 -0.06889882 -0.36168327 1 P 0 
L 0.04921299 -0.36168327 0.09852362 -0.36168327 1 P 0 
L -0.02952736 -0.36168327 0.09852362 -0.36168327 1 P 0 
L -0.09852362 -0.36168327 0.09852362 -0.36168327 1 P 0 
L -0.09852362 -0.36168327 0.09852362 -0.36168327 1 P 0 
L -0.09852362 -0.36168327 0.09852362 -0.36168327 1 P 0 
L -0.09852362 -0.36168327 0.09852362 -0.36168327 1 P 0 
L -0.09852362 -0.36168327 0.08858189 -0.36168327 1 P 0 
L -0.09852362 -0.36168327 0.00984154 -0.36168327 1 P 0 
L -0.09852362 -0.44042362 -0.06889882 -0.44042362 1 P 0 
L 0.04921299 -0.44042362 0.09852362 -0.44042362 1 P 0 
L -0.02952736 -0.44042362 0.09852362 -0.44042362 1 P 0 
L -0.09852362 -0.44042362 0.09852362 -0.44042362 1 P 0 
L -0.09852362 -0.44042362 0.09852362 -0.44042362 1 P 0 
L -0.09852362 -0.44042362 0.09852362 -0.44042362 1 P 0 
L -0.09852362 -0.44042362 0.09852362 -0.44042362 1 P 0 
L -0.09852362 -0.44042362 0.08858189 -0.44042362 1 P 0 
L -0.09852362 -0.44042362 0.00984154 -0.44042362 1 P 0 
L -0.0984252 -0.47244094 -0.0984252 0.47244094 1 P 0 
L -0.0984252 0.47244094 0.0984252 0.47244094 1 P 0 
L 0.0984252 0.47244094 0.0984252 -0.47244094 1 P 0 
L 0.0984252 -0.47244094 -0.0984252 -0.47244094 1 P 0 
L -0.07455177 0.45110433 0.05811398 0.45110433 0 P 0 
