#
#Feature symbol names
#
$0 r62.992
$1 r78.74

#
#Layer features
#
L 6.34732283 1.13169291 6.34732283 1.72224409 0 P 160 
L 6.05401575 1.4269685 6.59141732 1.4269685 0 P 160 
L -0.26555118 1.05385827 -0.26425197 1.0407874 1 P 200 
L -0.26425197 1.0407874 -0.26082677 1.02811024 1 P 200 
L -0.26082677 1.02811024 -0.1992126 0.87122047 1 P 200 
L -0.1992126 0.87122047 -0.13767717 0.7469685 1 P 200 
L -0.13767717 0.7469685 -0.06299213 0.62732283 1 P 200 
L -0.06299213 0.62732283 -0.06299213 0.03937008 1 P 200 
L -0.06299213 0.03937008 -0.06031496 0.01897638 1 P 200 
L -0.06031496 0.01897638 -0.05244094 0 1 P 200 
L -0.05244094 0 -0.03992126 -0.01633858 1 P 200 
L -0.03992126 -0.01633858 -0.02362205 -0.02885827 1 P 200 
L -0.02362205 -0.02885827 -0.00464567 -0.03669291 1 P 200 
L -0.00464567 -0.03669291 0.01574803 -0.03937008 1 P 200 
L 0.01574803 -0.03937008 0.30366142 -0.03937008 1 P 200 
L 0.43358268 -0.03937008 0.72153543 -0.03937008 1 P 200 
L 0.72153543 -0.03937008 0.74188976 -0.03669291 1 P 200 
L 0.74188976 -0.03669291 0.76090551 -0.02885827 1 P 200 
L 0.76090551 -0.02885827 0.77720472 -0.01633858 1 P 200 
L 0.77720472 -0.01633858 0.78972441 0 1 P 200 
L 0.78972441 0 0.79755906 0.01897638 1 P 200 
L 0.79755906 0.01897638 0.80027559 0.03937008 1 P 200 
L 0.80027559 0.03937008 0.80027559 0.35433071 1 P 200 
L 0.80027559 0.35433071 1.19165354 0.35433071 1 P 200 
L 1.19165354 0.35433071 1.21433071 0.35767717 1 P 200 
L 1.21433071 0.35767717 1.23511811 0.36740157 1 P 200 
L 1.23511811 0.36740157 1.25220472 0.38267717 1 P 200 
L 1.25220472 0.38267717 1.28822835 0.42511811 1 P 200 
L 1.28822835 0.42511811 1.32633858 0.46393701 1 P 200 
L 1.32633858 0.46393701 1.35708661 0.49098425 1 P 200 
L 1.35708661 0.49098425 1.77562992 0.49098425 1 P 200 
L 1.90555118 0.49098425 2.32409449 0.49098425 1 P 200 
L 2.32409449 0.49098425 2.35543307 0.46338583 1 P 200 
L 2.35543307 0.46338583 2.39405512 0.42393701 1 P 200 
L 2.39405512 0.42393701 2.42964567 0.38177165 1 P 200 
L 2.42964567 0.38177165 2.46200787 0.33708661 1 P 200 
L 2.46200787 0.33708661 2.49102362 0.29015748 1 P 200 
L 2.49102362 0.29015748 2.51649606 0.2411811 1 P 200 
L 2.51649606 0.2411811 2.53826772 0.19051181 1 P 200 
L 2.53826772 0.19051181 2.55625984 0.13834646 1 P 200 
L 2.55625984 0.13834646 2.57035433 0.085 1 P 200 
L 2.57035433 0.085 2.58047244 0.03074803 1 P 200 
L 2.58047244 0.03074803 2.5865748 -0.02409449 1 P 200 
L 2.5865748 -0.02409449 2.58862205 -0.08 1 P 200 
L 2.58862205 -0.08 2.58862205 -0.21598425 1 P 200 
L 2.58862205 -0.21598425 2.59133858 -0.23637795 1 P 200 
L 2.59133858 -0.23637795 2.59917323 -0.25535433 1 P 200 
L 2.59917323 -0.25535433 2.61169291 -0.27165354 1 P 200 
L 2.61169291 -0.27165354 3.15370079 -0.81366142 1 P 200 
L 3.15370079 -0.81366142 3.16980315 -0.82685039 1 P 200 
L 3.16980315 -0.82685039 3.18877953 -0.83535433 1 P 200 
L 3.18877953 -0.83535433 3.20933071 -0.83858268 1 P 200 
L 3.20933071 -0.83858268 3.43149606 -0.83858268 1 P 200 
L 3.43149606 -0.83858268 3.44208661 -0.84019685 1 P 200 
L 3.44208661 -0.84019685 3.45586614 -0.84673228 1 P 200 
L 3.45586614 -0.84673228 3.93417323 -1.02917323 1 P 200 
L 5.41299213 -1.01397638 5.43248032 -0.98732283 1 P 200 
L 5.43248032 -0.98732283 5.8646063 -0.70153543 1 P 200 
L 5.8646063 -0.70153543 6.03547244 -0.69755906 1 P 200 
L 6.1653937 -0.69452756 6.36094488 -0.69 1 P 200 
L 6.36094488 -0.69 6.44055118 -0.66007874 1 P 200 
L 6.44055118 -0.66007874 6.44055118 -0.37893701 1 P 200 
L 6.44055118 -0.37893701 6.44405512 -0.34456693 1 P 200 
L 6.44405512 -0.34456693 6.45110236 -0.31082677 1 P 200 
L 6.45110236 -0.31082677 6.46161417 -0.27799213 1 P 200 
L 6.46161417 -0.27799213 6.47547244 -0.24645669 1 P 200 
L 6.47547244 -0.24645669 6.49255906 -0.21649606 1 P 200 
L 6.49255906 -0.21649606 6.51267717 -0.18850394 1 P 200 
L 6.51267717 -0.18850394 6.53559055 -0.16275591 1 P 200 
L 6.53559055 -0.16275591 6.56106299 -0.13948819 1 P 200 
L 6.56106299 -0.13948819 6.58877953 -0.11905512 1 P 200 
L 6.58877953 -0.11905512 6.61850394 -0.1015748 1 P 200 
L 6.61850394 -0.1015748 6.64988189 -0.08728346 1 P 200 
L 6.64988189 -0.08728346 6.68259843 -0.07633858 1 P 200 
L 6.68259843 -0.07633858 6.71622047 -0.06885827 1 P 200 
L 6.71622047 -0.06885827 6.75047244 -0.06492126 1 P 200 
L 6.75047244 -0.06492126 6.78496063 -0.06456693 1 P 200 
L 6.78496063 -0.06456693 6.81929134 -0.06779528 1 P 200 
L 6.81929134 -0.06779528 6.85307087 -0.07456693 1 P 200 
L 6.85307087 -0.07456693 6.89366142 -0.08724409 1 P 200 
L 6.89366142 -0.08724409 7.63267717 -0.08724409 1 P 200 
L 7.63267717 -0.08724409 7.65307087 -0.08456693 1 P 200 
L 7.65307087 -0.08456693 7.67204724 -0.07669291 1 P 200 
L 7.67204724 -0.07669291 7.68838583 -0.06417323 1 P 200 
L 7.68838583 -0.06417323 7.70090551 -0.04787402 1 P 200 
L 7.70090551 -0.04787402 7.70874016 -0.02885827 1 P 200 
L 7.70874016 -0.02885827 7.71141732 -0.00850394 1 P 200 
L 7.71141732 -0.00850394 7.71141732 0.48984252 1 P 200 
L 7.71141732 0.61976378 7.71141732 1.11732283 1 P 200 
L 7.71141732 1.11732283 7.92700787 1.26248032 1 P 200 
L 7.92700787 1.26248032 7.94055118 1.27885827 1 P 200 
L 7.94055118 1.27885827 7.9492126 1.29826772 1 P 200 
L 7.9492126 1.29826772 7.9523622 1.31933071 1 P 200 
L 7.9523622 2.17165354 7.9480315 2.19744094 1 P 200 
L 7.9480315 2.19744094 7.93551181 2.22035433 1 P 200 
L 7.93551181 2.22035433 7.91338583 2.24956693 1 P 200 
L 7.91338583 2.24956693 7.91338583 3.1334252 1 P 200 
L 7.91338583 3.1334252 7.91082677 3.15629921 1 P 200 
L 7.91082677 3.15629921 7.90322835 3.1780315 1 P 200 
L 7.90322835 3.1780315 7.89098425 3.19751969 1 P 200 
L 7.89098425 3.19751969 7.87468504 3.21377953 1 P 200 
L 7.87468504 3.21377953 7.85519685 3.22602362 1 P 200 
L 7.85519685 3.22602362 7.83346457 3.23362205 1 P 200 
L 7.83346457 3.23362205 7.81059055 3.23622047 1 P 200 
L 7.81059055 3.23622047 7.63129921 3.23622047 1 P 200 
L 7.50137795 3.23622047 7.23232283 3.23622047 1 P 200 
L 7.23232283 3.23622047 7.21484252 3.23389764 1 P 200 
L 7.21484252 3.23389764 7.19830709 3.22775591 1 P 200 
L 7.19830709 3.22775591 7.14019685 3.1984252 1 P 200 
L 7.14019685 3.1984252 6.09586614 3.1984252 1 P 200 
L 5.96594488 3.1984252 5.48188976 3.1984252 1 P 200 
L 5.48188976 3.1984252 5.44972441 3.15133858 1 P 200 
L 5.44972441 3.15133858 5.42759843 3.12535433 1 P 200 
L 5.42759843 3.12535433 5.40283465 3.10192913 1 P 200 
L 5.40283465 3.10192913 5.37570866 3.08125984 1 P 200 
L 5.37570866 3.08125984 5.34649606 3.06358268 1 P 200 
L 5.34649606 3.06358268 5.31559055 3.04917323 1 P 200 
L 5.31559055 3.04917323 5.28334646 3.03811024 1 P 200 
L 5.28334646 3.03811024 5.25007874 3.03059055 1 P 200 
L 5.25007874 3.03059055 5.2161811 3.02661417 1 P 200 
L 5.2161811 3.02661417 5.18208661 3.02633858 1 P 200 
L 5.18208661 3.02633858 5.14814961 3.02968504 1 P 200 
L 5.14814961 3.02968504 5.11472441 3.03665354 1 P 200 
L 5.11472441 3.03665354 5.08228346 3.04712598 1 P 200 
L 5.08228346 3.04712598 5.05110236 3.06102362 1 P 200 
L 5.05110236 3.06102362 5.02161417 3.07814961 1 P 200 
L 5.02161417 3.07814961 4.99413386 3.09834646 1 P 200 
L 4.99413386 3.09834646 4.96893701 3.12133858 1 P 200 
L 4.96893701 3.12133858 4.94637795 3.14692913 1 P 200 
L 4.94637795 3.14692913 4.92665354 3.17476378 1 P 200 
L 4.92665354 3.17476378 4.91003937 3.20452756 1 P 200 
L 4.91003937 3.20452756 4.89669291 3.23594488 1 P 200 
L 4.89669291 3.23594488 4.88677165 3.26858268 1 P 200 
L 4.88677165 3.26858268 4.8803937 3.30208661 1 P 200 
L 4.8803937 3.30208661 4.8776378 3.33606299 1 P 200 
L 4.8776378 3.33606299 4.87850394 3.37015748 1 P 200 
L 4.87850394 3.37015748 4.8830315 3.40397638 1 P 200 
L 4.8830315 3.40397638 4.89114173 3.43712598 1 P 200 
L 4.89114173 3.43712598 4.90275591 3.4692126 1 P 200 
L 4.90275591 3.4692126 4.91771654 3.49984252 1 P 200 
L 4.91771654 3.49984252 4.93586614 3.52874016 1 P 200 
L 4.93586614 3.52874016 4.95700787 3.55551181 1 P 200 
L 4.95700787 3.55551181 4.99358268 3.59287402 1 P 200 
L 4.99358268 3.59287402 4.99358268 3.64649606 1 P 200 
L 4.99358268 3.77641732 4.99358268 4.24496063 1 P 200 
L 4.99358268 4.24496063 4.99090551 4.26535433 1 P 200 
L 4.99090551 4.26535433 4.9830315 4.28433071 1 P 200 
L 4.9830315 4.28433071 4.97051181 4.30066929 1 P 200 
L 4.97051181 4.30066929 4.9542126 4.31314961 1 P 200 
L 4.9542126 4.31314961 4.93523622 4.32102362 1 P 200 
L 4.93523622 4.32102362 4.91484252 4.32370079 1 P 200 
L 2.53114173 4.32346457 1.70708661 4.23366142 1 P 200 
L 1.70708661 4.23366142 1.68814961 4.22897638 1 P 200 
L 1.68814961 4.22897638 1.67094488 4.21976378 1 P 200 
L 1.67094488 4.21976378 1.6565748 4.2065748 1 P 200 
L 1.6565748 4.2065748 1.64586614 4.19031496 1 P 200 
L 1.64586614 4.19031496 1.63944882 4.17188976 1 P 200 
L 1.63944882 4.17188976 1.63779528 4.15244094 1 P 200 
L 1.63779528 4.15244094 1.63779528 4.03543307 1 P 200 
L 1.63779528 4.03543307 1.42720472 4.03543307 1 P 200 
L 1.29728346 4.03543307 0.69688976 4.03543307 1 P 200 
L 0.69688976 4.03543307 0.4034252 3.96161417 1 P 200 
L 0.4034252 3.96161417 0.15181102 3.81338583 1 P 200 
L 0.15181102 3.81338583 0.05940945 3.57980315 1 P 200 
L 0.01161417 3.45901575 -0.06244094 3.27169291 1 P 200 
L -0.06244094 3.27169291 -0.20086614 2.75889764 1 P 200 
L -0.20086614 2.75889764 -0.26350394 2.57307087 1 P 200 
L 7.9523622 4.52055118 -0.26555118 4.52055118 1 P 200 
L -0.26555118 4.52055118 -0.26555118 -1.22858268 1 P 200 
L -0.26555118 -1.22858268 7.9523622 -1.22858268 1 P 200 
L 7.9523622 -1.22858268 7.9523622 4.52055118 1 P 200 
