#
#Feature symbol names
#
$0 r9.843

#
#Layer features
#
L 0.455 0.50885827 0.455 0.50984252 0 P 78 
L 0.40086614 0.45472441 0.455 0.50885827 0 P 78 
L 0.40086614 0.23917323 0.40086614 0.45472441 0 P 78 
L 0.40086614 0.23917323 0.455 0.18503937 0 P 78 
L 0.31720472 0.50787402 0.31818898 0.50787402 0 P 78 
L 0.31818898 0.50787402 0.37133858 0.45472441 0 P 78 
L 0.37133858 0.23917323 0.37133858 0.45472441 0 P 78 
L 0.31720472 0.18503937 0.37133858 0.23917323 0 P 78 
L 0.31692913 0.72834646 0.45472441 0.72834646 0 P 78 
L 0.04133858 0.72834646 0.17913386 0.72834646 0 P 78 
L 0.17913386 0.72834646 0.23326772 0.78248032 0 P 78 
L 0.17913386 1.0511811 0.23326772 0.99704724 0 P 78 
L 0.23326772 0.78248032 0.23326772 0.99704724 0 P 78 
L 0.04133858 1.0511811 0.17913386 1.0511811 0 P 78 
L 0.31692913 1.0511811 0.31791339 1.05216535 0 P 78 
L 0.31791339 1.05216535 0.45374016 1.05216535 0 P 78 
L 0.45374016 1.05216535 0.45472441 1.05314961 0 P 78 
L 0.26279528 0.99704724 0.31692913 1.0511811 0 P 78 
L 0.26279528 0.78248032 0.26279528 0.99704724 0 P 78 
L 0.26279528 0.78248032 0.31692913 0.72834646 0 P 78 
